From:	SIRIUS::MAG413        4-MAR-1992 11:34:16.13
To:	MAR017
CC:	
Subj:	

16
16
0
1
'S'
8
'(i2,8f7.4,/,2x,8f7.4)'
0
1 2.356  7.056  2.258  8.021  2.869  6.385  7.007  2.954 
  4.138  7.581  9.681  1.782  2.71   5.628  5.518  2.429
2 1.99   0.463  0.573  8.741  15.712 5.323  3.687  9.84
  6.409  0.537  2.795  3.845  9.535  5.359  4.602  5.774
3 0.097  5.2    6.275  4.407  2.405  7.508  2.099  4.187
  1.001  3.003  6.91   6.995  5.909  5.127  4.956  2.49
4 1.562  0.769  1.538  7.85   13.136 2.453  2.222  8.668
  2.881  3.259  1.99   7.459  8.1432 2.453  5.115  9.498
5 1.428  3.442  0.671  0.744  0.219  3.467  3.076  0.952
  0.598  2.112  1.111  0.512  0.695  1.99   4.224  0.976
6 3.796  1.208  2.124  4.15   3.601  3.919  2.869  7.557
  7.227  3.711  4.859  6.861  6.36   5.86   3.919  13.417
7 2.356  5.115  7.215  2.661  5.323  6.763  3.577  1.184
  5.738  6.604  8.106  5.188  6.763  8.497  7.447  1.941
8 3.577  4.315  6.006  12.269 10.67  2.661  5.909  3.857
  13.283 3.674  2.624  8.607  9.168  1.513  4.663  3.821 
1 2.063  4.456  3.845  1.831  1.306  1.477  3.687  1.501
  2.099  5.384  5.371  1.294  2.246  2.551  5.347  2.234
2 4.749  1.416  2.954  2.099  3.149  2.429  1.526  4.418
  3.247  2.014  1.916  2.075  2.576  1.867  1.88   2.966
3 0.634  5.786  11.549 4.761  4.431  3.54   9.706  7.288
  0.988  3.284  6.714  4.651  3.845  12.001 6.586  3.967
4 3.442  5.493  3.369  7.911  9.425  4.248  4.822  6.983
  3.54   5.005  3.21   8.863  5.223  2.466  4.785  6.013
5 1.22   2.209  1.416  1.013  1.269  2.356  5.432  1.66
  1.538  2.283  3.564  1.867  1.892  3.809  4.798  1.953
6 1.404  2.637  2.392  2.661  1.367  3.54   2.356  5.64
  5.384  2.466  2.917  5.872  5.213  3.723  2.515  7.007
7 0.817  4.053  4.006  2.722  1.452  5.909  3.039  1.55
  2.673  4.212  6.543  2.246  1.867  5.628  4.016  2.368
8 3.577  2.527  1.526  6.397  6.397  2.16   1.831  1.867
  3.857  2.038  2.759  7.667  3.284  1.758  2.551  2.844
8
16
8
ABHCGDFEABHCGDFE
BCADHEGFBCADHEGF
CDBEAFHGCDBEAFHG
DECFBGAHDECFBGAH 
EFDGCHBAEFDGCHBA
FGEHDACBFGEHDACB
GHFAEBDCGHFAEBDC 
HAGBFCEDHAGBFCED
