ANDERSON TRAINING SCHEDULE DESIGN

File: Anderson.txt

Source: 
Anderson, I. (2002) Personal communication.

SEVEN TREATMENTS: 

p = 14, n = 42, t = 7

1 2 3 4 5 6 7  1 2 3 4 5 6 7  1 2 3 4 5 6 7  1 2 3 4 5 6 7  1 2 3 4 5 6 7  1 2 3 4 5 6 7
2 3 4 5 6 7 1  7 1 2 3 4 5 6  4 5 6 7 1 2 3  5 6 7 1 2 3 4  3 4 5 6 7 1 2  6 7 1 2 3 4 5
5 6 7 1 2 3 4  4 5 6 7 1 2 3  6 7 1 2 3 4 5  3 4 5 6 7 1 2  2 3 4 5 6 7 1  7 1 2 3 4 5 6
3 4 5 6 7 1 2  6 7 1 2 3 4 5  7 1 2 3 4 5 6  2 3 4 5 6 7 1  5 6 7 1 2 3 4  4 5 6 7 1 2 3
7 1 2 3 4 5 6  2 3 4 5 6 7 1  5 6 7 1 2 3 4  4 5 6 7 1 2 3  6 7 1 2 3 4 5  3 4 5 6 7 1 2
6 7 1 2 3 4 5  3 4 5 6 7 1 2  2 3 4 5 6 7 1  7 1 2 3 4 5 6  4 5 6 7 1 2 3  5 6 7 1 2 3 4
4 5 6 7 1 2 3  5 6 7 1 2 3 4  3 4 5 6 7 1 2  6 7 1 2 3 4 5  7 1 2 3 4 5 6  2 3 4 5 6 7 1
3 4 5 6 7 1 2  6 7 1 2 3 4 5  7 1 2 3 4 5 6  2 3 4 5 6 7 1  5 6 7 1 2 3 4  4 5 6 7 1 2 3
2 3 4 5 6 7 1  7 1 2 3 4 5 6  4 5 6 7 1 2 3  5 6 7 1 2 3 4  3 4 5 6 7 1 2  6 7 1 2 3 4 5
6 7 1 2 3 4 5  3 4 5 6 7 1 2  2 3 4 5 6 7 1  7 1 2 3 4 5 6  4 5 6 7 1 2 3  5 6 7 1 2 3 4
1 2 3 4 5 6 7  1 2 3 4 5 6 7  1 2 3 4 5 6 7  1 2 3 4 5 6 7  1 2 3 4 5 6 7  1 2 3 4 5 6 7
4 5 6 7 1 2 3  5 6 7 1 2 3 4  3 4 5 6 7 1 2  6 7 1 2 3 4 5  7 1 2 3 4 5 6  2 3 4 5 6 7 1
5 6 7 1 2 3 4  4 5 6 7 1 2 3  6 7 1 2 3 4 5  3 4 5 6 7 1 2  2 3 4 5 6 7 1  7 1 2 3 4 5 6
7 1 2 3 4 5 6  2 3 4 5 6 7 1  5 6 7 1 2 3 4  4 5 6 7 1 2 3  6 7 1 2 3 4 5  3 4 5 6 7 1 2