BERENBLUT DESIGNS

File: Berenblut.txt

Source: Berenblut, I.I. (1964) Change-over designs with complete
balance for residual effects. Biometrics, 23, 578--580.

THREE TREATMENTS: 

p = 6, n = 9, t = 3

1 2 3  1 2 3  1 2 3
3 1 2  2 3 1  1 2 3
2 3 1  2 3 1  2 3 1
2 3 1  1 2 3  3 1 2
3 1 2  3 1 2  3 1 2
1 2 3  3 1 2  2 3 1

FOUR TREATMENT: 

p = 8, n = 16, t = 4

1 2 3 4  4 1 2 3  3 4 1 2  2 3 4 1
4 1 2 3  4 1 2 3  4 1 2 3  4 1 2 3
3 4 1 2  2 3 4 1  1 2 3 4  4 1 2 3
2 3 4 1  2 3 4 1  2 3 4 1  2 3 4 1
2 3 4 1  1 2 3 4  4 1 2 3  3 4 1 2
3 4 1 2  3 4 1 2  3 4 1 2  3 4 1 2
4 1 2 3  3 4 1 2  2 3 4 1  1 2 3 4
1 2 3 4  1 2 3 4  1 2 3 4  1 2 3 4

FIVE TREATMENTS: 

p = 10, n = 25, t = 5

1 2 3 4 5  1 2 3 4 5  1 2 3 4 5  1 2 3 4 5  1 2 3 4 5
5 1 2 3 4  4 5 1 2 3  3 4 5 1 2  2 3 4 5 1  1 2 3 4 5
4 5 1 2 3  4 5 1 2 3  4 5 1 2 3  4 5 1 2 3  4 5 1 2 3
3 4 5 1 2  2 3 4 5 1  1 2 3 4 5  5 1 2 3 4  4 5 1 2 3
2 3 4 5 1  2 3 4 5 1  2 3 4 5 1  2 3 4 5 1  2 3 4 5 1
2 3 4 5 1  1 2 3 4 5  5 1 2 3 4  4 5 1 2 3  3 4 5 1 2
3 4 5 1 2  3 4 5 1 2  3 4 5 1 2  3 4 5 1 2  3 4 5 1 2
4 5 1 2 3  3 4 5 1 2  2 3 4 5 1  1 2 3 4 5  5 1 2 3 4
5 1 2 3 4  5 1 2 3 4  5 1 2 3 4  5 1 2 3 4  5 1 2 3 4
1 2 3 4 5  5 1 2 3 4  4 5 1 2 3  3 4 5 1 2  2 3 4 5 1

