DAVIS AND HALL CYCLIC DESIGNS

File: DavisHall.txt

Source: Davis, A.W. and Hall, W.B. (1969) Cyclic change-over designs.
Biometrika, 56, 283--293.

SIX TREATMENTS:

p = 3, n = 12, t = 6

1 2 3 4 5 6  1 2 3 4 5 6
4 5 6 1 2 3  6 1 2 3 4 5
5 6 1 2 3 4  2 3 4 5 6 1

p = 4, n = 12, t = 6

1 2 3 4 5 6  1 2 3 4 5 6
2 3 4 5 6 1  4 5 6 1 2 3
4 5 6 1 2 3  2 3 4 5 6 1
3 4 5 6 1 2  5 6 1 2 3 4

p = 5, n = 6, t = 6

1 2 3 4 5 6
2 3 4 5 6 1
4 5 6 1 2 3
3 4 5 6 1 2
6 1 2 3 4 5

SEVEN TREATMENTS:

p = 3, n = 14, t = 7

1 2 3 4 5 6 7  1 2 3 4 5 6 7
4 5 6 7 1 2 3  5 6 7 1 2 3 4
2 3 4 5 6 7 1  6 7 1 2 3 4 5

p = 4, n = 14, t = 7

1 2 3 4 5 6 7  1 2 3 4 5 6 7
2 3 4 5 6 7 1  7 1 2 3 4 5 6
4 5 6 7 1 2 3  5 6 7 1 2 3 4
7 1 2 3 4 5 6 2 3 4 5 6 7 1

p = 5, n = 7, t = 7

1 2 3 4 5 6 7
3 4 5 6 7 1 2
4 5 6 7 1 2 3
2 3 4 5 6 7 1
6 7 1 2 3 4 5

EIGHT TREATMENTS

p = 3, n = 16, t = 8

1 2 3 4 5 6 7 8  1 2 3 4 5 6 7 8
5 6 7 8 1 2 3 4  7 8 1 2 3 4 5 6
2 3 4 5 6 7 8 1  6 7 8 1 2 3 4 5

p = 4, n = 16, t = 8

1 2 3 4 5 6 7 8  1 2 3 4 5 6 7 8
3 4 5 6 7 8 1 2  2 3 4 5 6 7 8 1
2 3 4 5 6 7 8 1  6 7 8 1 2 3 4 5 
5 6 7 8 1 2 3 4  4 5 6 7 8 1 2 3

p = 5, n = 8, t = 8

1 2 3 4 5 6 7 8
2 3 4 5 6 7 8 1
4 5 6 7 8 1 2 3
3 4 5 6 7 8 1 2
6 7 8 1 2 3 4 5

NINE TREATMENTS

p = 3, n = 18, t = 9

1 2 3 4 5 6 7 8 9  1 2 3 4 5 6 7 8 9
4 5 6 7 8 9 1 2 3  7 8 9 1 2 3 4 5 6
9 1 2 3 4 5 6 7 8  8 9 1 2 3 4 5 6 7

p = 4, n = 18, t = 9

1 2 3 4 5 6 7 8 9  1 2 3 4 5 6 7 8 9
2 3 4 5 6 7 8 9 1  6 7 8 9 1 2 3 4 5
5 6 7 8 9 1 2 3 4  3 4 5 6 7 8 9 1 2
3 4 5 6 7 8 9 1 2  7 8 9 1 2 3 4 5 6

p = 5, n = 9, t = 9

1 2 3 4 5 6 7 8 9
2 3 4 5 6 7 8 9 1
4 5 6 7 8 9 1 2 3
3 4 5 6 7 8 9 1 2
6 7 8 9 1 2 3 4 5