FEDERER AND ATKINSON'S BALANCED DESIGNS

File: FedererAtkinson.txt

Source: Federer, W.T. and Atkinson, G.F. (1964) Tied-double-change-over designs.
Biometrics, 20, 168--181.

THREE TREATMENTS:
 
p = 4, n = 6, t = 3 (s = 2, q = 1)

1 2 3  1 2 3
2 3 1  3 1 2
3 1 2  2 3 1
1 2 3  1 2 3

p = 7, n = 6, t = 3 (s = 2, q = 2)

1 2 3  1 2 3
2 3 1  3 1 2
3 1 2  2 3 1
1 2 3  1 2 3
3 1 2  2 3 1
2 3 1  3 1 2
1 2 3  1 2 3

FOUR TREATMENTS:

p = 5, n = 12, t = 4 (s = 3, q = 1)

1 2 3 4  1 2 3 4  1 2 3 4
2 1 4 3  4 3 2 1  3 4 1 2
3 4 1 2  2 1 4 3  4 3 2 1
4 3 2 1  3 4 1 2  2 1 4 3
1 2 3 4  1 2 3 4  1 2 3 4

p = 9, n = 12, t = 4 (s = 3, q = 2)

1 2 3 4  1 2 3 4  1 2 3 4
2 1 4 3  4 3 2 1  3 4 1 2
3 4 1 2  2 1 4 3  4 3 2 1
4 3 2 1  3 4 1 2  2 1 4 3
1 2 3 4  1 2 3 4  1 2 3 4
4 3 2 1  3 4 1 2  2 1 4 3
3 4 1 2  2 1 4 3  4 3 2 1
2 1 4 3  4 3 2 1  3 4 1 2
1 2 3 4  1 2 3 4  1 2 3 4 

FIVE TREATMENTS:

p = 6, n = 20, t = 5 (s = 4, q = 1, sq = 4)

1 2 3 4 5  1 2 3 4 5  1 2 3 4 5  1 2 3 4 5
2 3 4 5 1  3 4 5 1 2  4 5 1 2 3  5 1 2 3 4
3 4 5 1 2  5 1 2 3 4  2 3 4 5 1  4 5 1 2 3
4 5 1 2 3  2 3 4 5 1  5 1 2 3 4  3 4 5 1 2
5 1 2 3 4  4 5 1 2 3  3 4 5 1 2  2 3 4 5 1
1 2 3 4 5  1 2 3 4 5  1 2 3 4 5  1 2 3 4 5
