FLETCHER FACTORIAL DESIGNS

File: Fletcher.txt

Source: Fletcher, D.J. (1987) A new class of change-over designs for
factorial experiments. Biometrika, 74, 649--654.

2 x 2 DESIGNS

Design 1: 

p = 3, n = 4, t = 4

1 2 3 4 
2 1 4 3
4 3 2 1

Design 2: 

p = 3, n = 8, t = 4

1 2 3 4  1 2 3 4
2 1 4 3  4 3 2 1
4 3 2 1  2 1 4 3

Design 3: 

p = 4, n = 4, t = 4

1 2 3 4
2 1 4 3
4 3 2 1
3 4 1 2

Design 4: 

p = 4, n = 8, t = 4

1 2 3 4  1 2 3 4
2 1 4 3  3 4 1 2
4 3 2 1  4 3 2 1
3 4 1 2  2 1 4 3

2 x 3 DESIGNS

Design 5: 

p = 4, n = 6, t = 6

1 2 3 4 5 6
5 6 4 2 3 1
6 4 5 3 1 2
2 3 1 5 6 4

Design 6: 

p = 4, n = 12, t = 6

1 2 3 4 5 6  1 2 3 4 5 6
5 6 4 2 3 1  3 1 2 6 4 5
6 4 5 3 1 2  5 6 4 2 3 1
2 3 1 5 6 4  6 4 5 3 1 2


Design 7: 

p = 5, n = 6, t = 6

1 2 3 4 5 6
3 1 2 6 4 5
4 5 6 1 2 3
5 6 4 2 3 1
2 3 1 5 6 4


Design 8: 

p = 5, n = 12, t = 6

1 2 3 4 5 6  1 2 3 4 5 6
3 1 2 6 4 5  2 3 1 5 6 4
4 5 6 1 2 3  4 5 6 1 2 3
5 6 4 2 3 1  6 4 5 3 1 2
2 3 1 5 6 4  3 1 2 6 4 5

Design 9: 

p = 6, n = 6, t = 6

1 2 3 4 5 6
2 3 1 5 6 4
6 4 5 3 1 2
3 1 2 6 4 5
5 6 4 2 3 1
4 5 6 1 2 3

Design 10: 

p = 6, n = 12, t = 6

1 2 3 4 5 6  1 2 3 4 5 6
2 3 1 5 6 4  2 3 1 5 6 4
6 4 5 3 1 2  5 6 4 2 3 1
3 1 2 6 4 5  4 5 6 1 2 3
5 6 4 2 3 1  6 4 5 3 1 2
4 5 6 1 2 3  3 1 2 6 4 5

2 x 4 DESIGNS

Design 11: 

p = 4, n = 8, t = 8

1 2 3 4 5 6 7 8
2 3 4 1 6 7 8 5
8 5 6 7 4 1 2 3
7 8 5 6 3 4 1 2

Design 12: 

p = 4, n = 16, t = 8

1 2 3 4 5 6 7 8  1 2 3 4 5 6 7 8
2 3 4 1 6 7 8 5  6 7 8 5 2 3 4 1
8 5 6 7 4 1 2 3  8 5 6 7 4 1 2 3
7 8 5 6 3 4 1 2  3 4 1 2 7 8 5 6


Design 13: 

p = 5, n = 8, t = 8

1 2 3 4 5 6 7 8
2 3 4 1 6 7 8 5
8 5 6 7 4 1 2 3
7 8 5 6 3 4 1 2
3 4 1 2 7 8 5 6

Design 14: 

p = 5, n = 16, t = 8

1 2 3 4 5 6 7 8  1 2 3 4 5 6 7 8
2 3 4 1 6 7 8 5  4 1 2 3 8 5 6 7
8 5 6 7 4 1 2 3  6 7 8 5 2 3 4 1
7 8 5 6 3 4 1 2  7 8 5 6 3 4 1 2
3 4 1 2 7 8 5 6  3 4 1 2 7 8 5 6

Design 15: 

p = 6, n = 8, t = 8

1 2 3 4 5 6 7 8
3 4 1 2 7 8 5 6
8 5 6 7 4 1 2 3
7 8 5 6 3 4 1 2
2 3 4 1 6 7 8 5
6 7 8 5 2 3 4 1

Design 16: 

p = 6, n = 16, t = 8

1 2 3 4 5 6 7 8  1 2 3 4 5 6 7 8
3 4 1 2 7 8 5 6  3 4 1 2 7 8 5 6
8 5 6 7 4 1 2 3  7 8 5 6 3 4 1 2
7 8 5 6 3 4 1 2  4 1 2 3 8 5 6 7
2 3 4 1 6 7 8 5  6 7 8 5 2 3 4 1
6 7 8 5 2 3 4 1  5 6 7 8 1 2 3 4

3 x 3 DESIGNS

Design 17: 

p = 4, n = 9, t = 9

1 2 3 4 5 6 7 8 9
6 4 5 9 7 8 3 1 2
8 9 7 2 3 1 5 6 4
5 6 4 8 9 7 2 3 1

Design 18: 

p = 4, n = 18, t = 9

1 2 3 4 5 6 7 8 9  1 2 3 4 5 6 7 8 9
6 4 5 9 7 8 3 1 2  8 9 7 2 3 1 5 6 4
8 9 7 2 3 1 5 6 4  6 4 5 9 7 8 3 1 2
5 6 4 8 9 7 2 3 1  9 7 8 3 1 2 6 4 5


Design 19: 

p = 4, n = 27, t = 9

1 2 3 4 5 6 7 8 9  1 2 3 4 5 6 7 8  9 1 2 3 4 5 6 7 8 9
6 4 5 9 7 8 3 1 2  8 9 7 2 3 1 5 6  4 9 7 8 3 1 2 6 4 5
8 9 7 2 3 1 5 6 4  6 4 5 9 7 8 3 1  2 5 6 4 8 9 7 2 3 1
5 6 4 8 9 7 2 3 1  9 7 8 3 1 2 6 4  5 6 4 5 9 7 8 3 1 2

Design 20: 

p = 5, n = 9, t = 9

1 2 3 4 5 6 7 8 9
2 3 1 5 6 4 8 9 7
6 4 5 9 7 8 3 1 2
9 7 8 3 1 2 6 4 5
5 6 4 8 9 7 2 3 1

Design 21: 

p = 5, n = 18, t = 9

1 2 3 4 5 6 7 8 9  1 2 3 4 5 6 7 8 9
2 3 1 5 6 4 8 9 7  9 7 8 3 1 2 6 4 5
6 4 5 9 7 8 3 1 2  6 4 5 9 7 8 3 1 2
9 7 8 3 1 2 6 4 5  5 6 4 8 9 7 2 3 1
5 6 4 8 9 7 2 3 1  8 9 7 2 3 1 5 6 4


Design 22: 

p = 5, n = 27, t = 9

1 2 3 4 5 6 7 8 9  1 2 3 4 5 6 7 8 9  1 2 3 4 5 6 7 8 9
2 3 1 5 6 4 8 9 7  9 7 8 3 1 2 6 4 5  5 6 4 8 9 7 2 3 1
6 4 5 9 7 8 3 1 2  6 4 5 9 7 8 3 1 2  6 4 5 9 7 8 3 1 2
9 7 8 3 1 2 6 4 5  5 6 4 8 9 7 2 3 1  9 7 8 3 1 2 6 4 5
5 6 4 8 9 7 2 3 1  8 9 7 2 3 1 5 6 4  8 9 7 2 3 1 5 6 4

Design 23: 

p = 6, n = 9, t = 9

1 2 3 4 5 6 7 8 9  
2 3 1 5 6 4 8 9 7  
6 4 5 9 7 8 3 1 2  
9 7 8 3 1 2 6 4 5  
8 9 7 2 3 1 5 6 4  
4 5 6 7 8 9 1 2 3  


Design 24: 

p = 6, n = 18, t = 9

1 2 3 4 5 6 7 8 9  1 2 3 4 5 6 7 8 9  
2 3 1 5 6 4 8 9 7  6 4 5 9 7 8 3 1 2  
6 4 5 9 7 8 3 1 2  9 7 8 3 1 2 6 4 5  
9 7 8 3 1 2 6 4 5  7 8 9 1 2 3 4 5 6 
8 9 7 2 3 1 5 6 4  5 6 4 8 9 7 2 3 1  
4 5 6 7 8 9 1 2 3  2 3 1 5 6 4 8 9 7  


Design 25: 

p = 6, n = 27, t = 9

1 2 3 4 5 6 7 8 9  1 2 3 4 5 6 7 8 9  1 2 3 4 5 6 7 8 9
2 3 1 5 6 4 8 9 7  6 4 5 9 7 8 3 1 2  2 3 1 5 6 4 8 9 7
6 4 5 9 7 8 3 1 2  9 7 8 3 1 2 6 4 5  8 9 7 2 3 1 5 6 4
9 7 8 3 1 2 6 4 5  7 8 9 1 2 3 4 5 6  4 5 6 7 8 9 1 2 3
8 9 7 2 3 1 5 6 4  5 6 4 8 9 7 2 3 1  6 4 5 9 7 8 3 1 2
4 5 6 7 8 9 1 2 3  2 3 1 5 6 4 8 9 7  9 7 8 3 1 2 6 4 5

FLETCHER 3 FACTOR DESIGNS:

2x2x2 DESIGNS

Design 26: 

p = 5, n = 8, t = 8

1 2 3 4 5 6 7 8
6 5 8 7 2 1 4 3
4 3 2 1 8 7 6 5
7 8 5 6 3 4 1 2
5 6 7 8 1 2 3 4

Design 27: 

p = 5, n = 16, t = 8

1 2 3 4 5 6 7 8 1 2 3 4 5 6 7 8
6 5 7 8 2 1 4 3 2 1 4 3 6 5 8 7
4 3 2 1 8 7 6 5 8 7 6 5 4 3 2 1
7 8 5 6 3 4 1 2 7 8 5 6 3 4 1 2
5 6 7 8 1 2 3 4 5 6 7 8 1 2 3 4

Design 28: 

p = 5, n = 24, t = 8

1 2 3 4 5 6 7 8  1 2 3 4 5 6 7 8  1 2 3 4 5 6 7 8
6 5 7 8 2 1 4 3  2 1 4 3 6 5 8 7  7 8 5 6 3 4 1 2
4 3 2 1 8 7 6 5  8 7 6 5 4 3 2 1  4 3 2 1 8 7 6 5
7 8 5 6 3 4 1 2  7 8 5 6 3 4 1 2  6 5 8 7 2 1 4 3
5 6 7 8 1 2 3 4  5 6 7 8 1 2 3 4  5 6 7 8 1 2 3 4

Design 29: p = 6, n = 8, t = 8

1 2 3 4 5 6 7 8
2 1 4 3 6 5 8 7
7 8 5 6 3 4 1 2
3 4 1 2 7 8 5 6
6 5 8 7 2 1 4 3
8 7 6 5 4 3 2 1

Design 30: 

p = 6, n = 16, t = 8

1 2 3 4 5 6 7 8  1 2 3 4 5 6 7 8
2 1 4 3 6 5 8 7  2 1 4 3 6 5 8 7
7 8 5 6 3 4 1 2  8 7 6 5 4 3 2 1
3 4 1 2 7 8 5 6  4 3 2 1 8 7 6 5
6 5 8 7 2 1 4 3  7 8 5 6 3 4 1 2
8 7 6 5 4 3 2 1  5 6 7 8 1 2 3 4

Design 31: p = 6, n = 24, t = 8

1 2 3 4 5 6 7 8  1 2 3 4 5 6 7 8  1 2 3 4 5 6 7 8
2 1 4 3 6 5 8 7  2 1 4 3 6 5 8 7  3 4 1 2 7 8 5 6
7 8 5 6 3 4 1 2  8 7 6 5 4 3 2 1  6 5 8 7 2 1 4 3
3 4 1 2 7 8 5 6  4 3 2 1 8 7 6 5  5 6 7 8 1 2 3 4
6 5 8 7 2 1 4 3  7 8 5 6 3 4 1 2  8 7 6 5 4 3 2 1
8 7 6 5 4 3 2 1  5 6 7 8 1 2 3 4  4 3 2 1 8 7 6 5
