IQBAL AND JONES CYCLIC DESIGNS

File: IqbalJones.txt

Source: Iqbal, I. and Jones, B. (1994) Efficient repeated measurements
designs with equal and unequal period sizes. Journal of Statistical
Planning and Inference, 42, 79-88.

THREE TREATMENTS:

p = 3, n = 9, t = 3

1 2 3  1 2 3  1 2 3
2 3 1  2 3 1  3 1 2
3 1 2  3 1 2  2 3 1

p = 4, n = 3, t = 3

1 2 3
2 3 1
3 1 2
2 3 1

p = 5, n = 3, t = 3

1 2 3
2 3 1
3 1 2
2 3 1
1 2 3

p = 6, n = 3, t = 3

1 2 3
2 3 1
3 1 2
1 2 3
3 1 2
2 3 1

p = 7, n = 6, t = 3

1 2 3  1 2 3
2 3 1  3 1 2
3 1 2  2 3 1
1 2 3  1 2 3
2 3 1  3 1 2
3 1 2  2 3 1
1 2 3  1 2 3

p = 3, n = 8, t = 4

1 2 3 4  1 2 3 4
2 3 4 1  3 4 1 2
4 1 2 3  2 3 4 1

p = 6, n = 12, t = 4

1 2 3 4  1 2 3 4  1 2 3 4
2 3 4 1  2 3 4 1  2 3 4 1
4 1 2 3  4 1 2 3  4 1 2 3
3 4 1 2  3 4 1 2  3 4 1 2
2 3 4 1  4 1 2 3  1 2 3 4
4 1 2 3  3 4 1 2  2 3 4 1

p = 3, n = 10, t = 5

1 2 3 4 5  1 2 3 4 5
2 3 4 5 1  4 5 1 2 3
4 5 1 2 3  3 4 5 1 2

p = 4, n = 5, t = 5

1 2 3 4 5
2 3 4 5 1
5 1 2 3 4
4 5 1 2 3

p = 4, n = 10, t = 5

1 2 3 4 5  1 2 3 4 5
2 3 4 5 1  5 1 2 3 4
5 1 2 3 4  2 3 4 5 1
4 5 1 2 3  3 4 5 1 2

p = 5, n = 15, t = 5

1 2 3 4 5  1 2 3 4 5  1 2 3 4 5
2 3 4 5 1  2 3 4 5 1  4 5 1 2 3
4 5 1 2 3  5 1 2 3 4  2 3 4 5 1
3 4 5 1 2  4 5 1 2 3  3 4 5 1 2
5 1 2 3 4  3 4 5 1 2  5 1 2 3 4

p = 6, n = 5, t = 5

1 2 3 4 5
2 3 4 5 1
3 4 5 1 2
5 1 2 3 4
4 5 1 2 3
2 3 4 5 1

p = 3, n = 18, t = 6

1 2 3 4 5 6  1 2 3 4 5 6  1 2 3 4 5 6
2 3 4 5 6 1  3 4 5 6 1 2  4 5 6 1 2 3
5 6 1 2 3 4  2 3 4 5 6 1  2 3 4 5 6 1

p = 4, n = 6, t = 6

1 2 3 4 5 6
2 3 4 5 6 1
6 1 2 3 4 5
5 6 1 2 3 4

p = 4, n = 18, t = 6

1 2 3 4 5 6  1 2 3 4 5 6  1 2 3 4 5 6
2 3 4 5 6 1  3 4 5 6 1 2  2 3 4 5 6 1
4 5 6 1 2 3  6 1 2 3 4 5  5 6 1 2 3 4
3 4 5 6 1 2  4 5 6 1 2 3  3 4 5 6 1 2

p = 5, n = 12, t = 6

1 2 3 4 5 6  1 2 3 4 5 6
2 3 4 5 6 1  3 4 5 6 1 2
6 1 2 3 4 5  6 1 2 3 4 5
5 6 1 2 3 4  5 6 1 2 3 4
3 4 5 6 1 2  2 3 4 5 6 1

p = 7, n = 30, t = 6

1 2 3 4 5 6   1 2 3 4 5 6  1 2 3 4 5 6  1 2 3 4 5 6  1 2 3 4 5 6
3 4 5 6 1 2   2 3 4 5 6 1  5 6 1 2 3 4  6 1 2 3 4 5  6 1 2 3 4 5
2 3 4 5 6 1   6 1 2 3 4 5  6 1 2 3 4 5  2 3 4 5 6 1  2 3 4 5 6 1
5 6 1 2 3 4   3 4 5 6 1 2  3 4 5 6 1 2  5 6 1 2 3 4  5 6 1 2 3 4
6 1 2 3 4 5   5 6 1 2 3 4  2 3 4 5 6 1  3 4 5 6 1 2  3 4 5 6 1 2
4 5 6 1 2 3   4 5 6 1 2 3  4 5 6 1 2 3  4 5 6 1 2 3  4 5 6 1 2 3
5 6 1 2 3 4   6 1 2 3 4 5  1 2 3 4 5 6  2 3 4 5 6 1  3 4 5 6 1 2

p = 4, n = 7, t = 7

1 2 3 4 5 6 7
4 5 6 7 1 2 3
6 7 1 2 3 4 5
7 1 2 3 4 5 6

p = 4, n = 21, t = 7

1 2 3 4 5 6 7  1 2 3 4 5 6 7  1 2 3 4 5 6 7
2 3 4 5 6 7 1  3 4 5 6 7 1 2  7 1 2 3 4 5 6
3 4 5 6 7 1 2  6 7 1 2 3 4 5  4 5 6 7 1 2 3
5 6 7 1 2 3 4  2 3 4 5 6 7 1  2 3 4 5 6 7 1

p = 5, n = 14, t = 7

1 2 3 4 5 6 7  1 2 3 4 5 6 7
2 3 4 5 6 7 1  3 4 5 6 7 1 2
7 1 2 3 4 5 6  6 7 1 2 3 4 5
4 5 6 7 1 2 3  7 1 2 3 4 5 6
3 4 5 6 7 1 2  5 6 7 1 2 3 4

p = 6, n = 7, t = 7

1 2 3 4 5 6 7 
2 3 4 5 6 7 1  
5 6 7 1 2 3 4
7 1 2 3 4 5 6
6 7 1 2 3 4 5
3 4 5 6 7 1 2

p = 6, n =21, t = 7

1 2 3 4 5 6 7  1 2 3 4 5 6 7  1 2 3 4 5 6 7
2 3 4 5 6 7 1  2 3 4 5 6 7 1  4 5 6 7 1 2 3
5 6 7 1 2 3 4  7 1 2 3 4 5 6  6 7 1 2 3 4 5
7 1 2 3 4 5 6  4 5 6 7 1 2 3  5 6 7 1 2 3 4
6 7 1 2 3 4 5  3 4 5 6 7 1 2  2 3 4 5 6 7 1
3 4 5 6 7 1 2  6 7 1 2 3 4 5  7 1 2 3 4 5 6

p = 7, n = 31, t = 7

1 2 3 4 5 6 7  1 2 3 4 5 6 7  1 2 3 4 5 6 7
2 3 4 5 6 7 1  6 7 1 2 3 4 5  4 5 6 7 1 2 3
4 5 6 7 1 2 3  5 6 7 1 2 3 4  6 7 1 2 3 4 5
7 1 2 3 4 5 6  2 3 4 5 6 7 1  5 6 7 1 2 3 4
6 7 1 2 3 4 5  4 5 6 7 1 2 3  3 4 5 6 7 1 2
3 4 5 6 7 1 2  7 1 2 3 4 5 6  7 1 2 3 4 5 6
1 2 3 4 5 6 7  1 2 3 4 5 6 7  1 2 3 4 5 6 7

p = 4, n = 8, t = 8

1 2 3 4 5 6 7 8
5 6 7 8 1 2 3 4
7 8 1 2 3 4 5 6
8 1 2 3 4 5 6 7

p = 4, n = 24, t = 8

1 2 3 4 5 6 7 8  1 2 3 4 5 6 7 8  1 2 3 4 5 6 7 8
7 8 1 2 3 4 5 6  3 4 5 6 7 8 1 2  3 4 5 6 7 8 1 2
2 3 4 5 6 7 8 1  6 7 8 1 2 3 4 5  8 1 2 3 4 5 6 7
3 4 5 6 7 8 1 2  5 6 7 8 1 2 3 4  4 5 6 7 8 1 2 3

p = 5, n = 16, t = 8

1 2 3 4 5 6 7 8  1 2 3 4 5 6 7 8
2 3 4 5 6 7 8 1  4 5 6 7 8 1 2 3
6 7 8 1 2 3 4 5  8 1 2 3 4 5 6 7
4 5 6 7 8 1 2 3  5 6 7 8 1 2 3 4
3 4 5 6 7 8 1 2  7 8 1 2 3 4 5 6

p = 6, n = 8, t = 8

1 2 3 4 5 6 7 8
2 3 4 5 6 7 8 1
4 5 6 7 8 1 2 3
3 4 5 6 7 8 1 2
8 1 2 3 4 5 6 7
6 7 8 1 2 3 4 5

p = 7, n = 8, t = 8

1 2 3 4 5 6 7 8
4 5 6 7 8 1 2 3
5 6 7 8 1 2 3 4
3 4 5 6 7 8 1 2
2 3 4 5 6 7 8 1
6 7 8 1 2 3 4 5
8 1 2 3 4 5 6 7

p = 7, n = 24, t = 8

1 2 3 4 5 6 7 8  1 2 3 4 5 6 7 8  1 2 3 4 5 6 7 8
6 7 8 1 2 3 4 5  2 3 4 5 6 7 8 1  4 5 6 7 8 1 2 3
5 6 7 8 1 2 3 4  4 5 6 7 8 1 2 3  5 6 7 8 1 2 3 4
7 8 1 2 3 4 5 6  3 4 5 6 7 8 1 2  3 4 5 6 7 8 1 2
8 1 2 3 4 5 6 7  7 8 1 2 3 4 5 6  8 1 2 3 4 5 6 7
4 5 6 7 8 1 2 3  5 6 7 8 1 2 3 4  2 3 4 5 6 7 8 1
2 3 4 5 6 7 8 1  8 1 2 3 4 5 6 7  6 7 8 1 2 3 4 5

p = 3, n = 27, t = 9

1 2 3 4 5 6 7 8 9  1 2 3 4 5 6 7 8 9  1 2 3 4 5 6 7 8 9
2 3 4 5 6 7 8 9 1  6 7 8 9 1 2 3 4 5  8 9 1 2 3 4 5 6 7
4 5 6 7 8 9 1 2 3  5 6 7 8 9 1 2 3 4  2 3 4 5 6 7 8 9 1

p = 3, n = 36, t = 9

1 2 3 4 5 6 7 8 9  1 2 3 4 5 6 7 8 9  1 2 3 4 5 6 7 8 9  1 2 3 4 5 6 7 8 9
2 3 4 5 6 7 8 9 1  3 4 5 6 7 8 9 1 2  4 5 6 7 8 9 1 2 3  6 7 8 9 1 2 3 4 5
6 7 8 9 1 2 3 4 5  9 1 2 3 4 5 6 7 8  3 4 5 6 7 8 9 1 2  4 5 6 7 8 9 1 2 3

p = 4, n = 9, t = 9

1 2 3 4 5 6 7 8 9
4 5 6 7 8 9 1 2 3
6 7 8 9 1 2 3 4 5
3 4 5 6 7 8 9 1 2

p = 4, n = 27, t = 9

1 2 3 4 5 6 7 8 9  1 2 3 4 5 6 7 8 9  1 2 3 4 5 6 7 8 9
2 3 4 5 6 7 8 9 1  4 5 6 7 8 9 1 2 3  9 1 2 3 4 5 6 7 8
4 5 6 7 8 9 1 2 3  2 3 4 5 6 7 8 9 1  6 7 8 9 1 2 3 4 5
8 9 1 2 3 4 5 6 7  8 9 1 2 3 4 5 6 7  2 3 4 5 6 7 8 9 1

p = 5, n = 18, t = 9

1 2 3 4 5 6 7 8 9  1 2 3 4 5 6 7 8 9
2 3 4 5 6 7 8 9 1  9 1 2 3 4 5 6 7 8
8 9 1 2 3 4 5 6 7  5 6 7 8 9 1 2 3 4
3 4 5 6 7 8 9 1 2  8 9 1 2 3 4 5 6 7
5 6 7 8 9 1 2 3 4  6 7 8 9 1 2 3 4 5

p = 6, n = 9, t = 9

1 2 3 4 5 6 7 8 9
2 3 4 5 6 7 8 9 1
4 5 6 7 8 9 1 2 3
3 4 5 6 7 8 9 1 2
9 1 2 3 4 5 6 7 8
7 8 9 1 2 3 4 5 6

p = 7, n = 9, t = 9

1 2 3 4 5 6 7 8 9 
2 3 4 5 6 7 8 9 1 
6 7 8 9 1 2 3 4 5
3 4 5 6 7 8 9 1 2
8 9 1 2 3 4 5 6 7
7 8 9 1 2 3 4 5 6
5 6 7 8 9 1 2 3 4 

p = 7, n = 18, t = 9

1 2 3 4 5 6 7 8 9  1 2 3 4 5 6 7 8 9
3 4 5 6 7 8 9 1 2  2 3 4 5 6 7 8 9 1
4 5 6 7 8 9 1 2 3  9 1 2 3 4 5 6 7 8
7 8 9 1 2 3 4 5 6  5 6 7 8 9 1 2 3 4
2 3 4 5 6 7 8 9 1  7 8 9 1 2 3 4 5 6
9 1 2 3 4 5 6 7 8  4 5 6 7 8 9 1 2 3
8 9 1 2 3 4 5 6 7  3 4 5 6 7 8 9 1 2

p = 8, n = 9, t = 9

1 2 3 4 5 6 7 8 9
7 8 9 1 2 3 4 5 6 
8 9 1 2 3 4 5 6 7
3 4 5 6 7 8 9 1 2
6 7 8 9 1 2 3 4 5
4 5 6 7 8 9 1 2 3
9 1 2 3 4 5 6 7 8
2 3 4 5 6 7 8 9 1

p = 3, n = 30, t = 10

1  2  3  4  5  6  7  8 9 10   1  2  3  4  5   6  7  8  9 10   1  2  3  4   5   6  7  8  9  10
2  3  4  5  6  7  8  9 10 1   5  6  7  8  9  10  1  2  3  4   6  7  8  9  10   1  2  3  4   5
4  5  6  7  8  9 10  1  2 3   2  3  4  5  6   7  8  9 10  1   5  6  7  8   9 1 0  1  2  3   4

p = 4, n = 30, t = 10

1  2  3  4   5  6   7  8  9  10    1  2  3 4  5  6  7  8  9 10    1  2  3  4  5  6   7  8  9  10
6  7  8  9  10  1   2  3  4   5    8  9 10 1  2  3  4  5  6  7    4  5  6  7  8  9  10  1  2   3
4  5  6  7   8  9  10  1  2   3    2  3  4 5  6  7  8  9 10  1    3  4  5  6  7  8   9 10  1   2
5  6  7  8   9 10   1  2  3   4    4  5  6 7  8  9 10  1  2  3    9 10  1  2  3  4   5  6  7   8

p = 5, n = 20, t = 10

 1  2  3  4 5  6   7  8  9  10    1  2  3  4  5  6  7  8  9  10
10  1  2  3 4  5   6  7  8   9    5  6  7  8  9 10  1  2  3   4
 7  8  9 10 1  2   3  4  5   6    8  9 10  1  2  3  4  5  6   7
 9 10  1  2 3  4   5  6  7   8    6  7  8  9 10  1  2  3  4   5
 4  5  6  7 8  9  10  1  2   3    7  8  9 10  1  2  3  4  5   6


p = 6, n = 10, t = 10

1   2  3  4   5  6   7   8   9 10
2   3  4  5   6  7   8   9  10  1
10  1  2  3   4  5   6   7   8  9
6   7  8  9  10  1   2   3   4  5
8   9 10  1   2  3   4   5   6  7
3   4  5  6   7  8   9  10   1  2

