LEWIS, FLETCHER AND MATTHEWS AND DESIGNS

File: LewisFletcherMatthews.txt

Source: "Factorial cross-over designs in clinical trials",
by Lewis, S.M., Fletcher, D.J. and Matthews, J.N.S.
In Optimal Design and Analysis of Experiments, Editors,
Dodge, Y., Fedorov, V.V. and Wynn, H.P. (1988), 133--140,
Elsevier Science Publishers B.V. (North-Holland).

2 x 2 DESIGNS

Design 1:   

p = 3, n = 8, t = 4 (brick 1)

1 2 3 4  1 2 3 4
3 4 1 2  3 4 1 2
2 1 4 3  4 3 2 1

Design 2: 

p = 3, n = 8, t = 4 (brick 2)

1 2 3 4  1 2 3 4
4 3 2 1  4 3 2 1
2 1 4 3  3 4 1 2

Design 3: 

p = 4, n = 8, t = 4 (brick 3)

1 2 3 4  1 2 3 4
2 1 4 3  3 4 1 2
3 4 1 2  2 1 4 3
4 3 2 1  4 3 2 1

Design 4: 

p = 4, n = 8, t = 4 (brick 4)

1 2 3 4  1 2 3 4
2 1 4 3  3 4 1 2
3 4 1 2  4 3 2 1
4 3 2 1  2 1 4 3

Design 5: 

p = 4, n = 8, t = 4 (brick 5)

1 2 3 4  1 2 3 4
2 1 4 3  4 3 2 1
3 4 1 2  2 1 4 3
4 3 2 1  3 4 1 2

Design 6: 

p = 4, n = 8, t = 4 (brick 6)

1 2 3 4  1 2 3 4 
2 1 4 3  4 3 2 1
4 3 2 1  3 4 1 2
3 4 1 2  2 1 4 3

2 x 3 DESIGNS

Design 7: 

p = 3, n = 24, t = 6 (bricks 7 & 8)

1 2 3 4 5 6  1 2 3 4 5 6  1 2 3 4 5 6  1 2 3 4 5 6
2 3 1 5 6 4  3 1 2 6 4 5  2 3 1 5 6 4  3 1 2 6 4 5
4 5 6 1 2 3  6 4 5 3 1 2  5 6 4 2 3 1  4 5 6 1 2 3

Design 8: 

p = 3, n = 24, t = 6 (bricks 9 & 10)

1 2 3 4 5 6  1 2 3 4 5 6  1 2 3 4 5 6  1 2 3 4 5 6
2 3 1 5 6 4  5 6 4 2 3 1  3 1 2 6 4 5  6 4 5 3 1 2
5 6 4 2 3 1  4 5 6 1 2 3  6 4 5 3 1 2  4 5 6 1 2 3

Design 9: 

p = 3 n = 12, t = 6 (brick 11)

1 2 3 4 5 6  1 2 3 4 5 6
4 5 6 1 2 3  4 5 6 1 2 3
2 3 1 5 6 4  5 6 4 2 3 1

Design 10: 

p = 3, n = 12, t = 6 (brick 12)
1 2 3 4 5 6  1 2 3 4 5 6
4 5 6 1 2 3  4 5 6 1 2 3
5 6 4 2 3 1  6 4 5 3 1 2

Design 11: 

p = 3, n = 24, t = 6 (bricks 13 & 14)

1 2 3 4 5 6 1 2 3 4 5 6  1 2 3 4 5 6  1 2 3 4 5 6   
4 5 6 1 2 3 5 6 4 2 3 1  4 5 6 1 2 3  6 4 5 3 1 2 
5 6 4 2 3 1 2 3 1 5 6 4  6 4 5 3 1 2  3 1 2 6 4 5

Design 12: 

p = 3, n = 24, t = 6 (bricks 15 & 16)

1 2 3 4 5 6  1 2 3 4 5 6  1 2 3 4 5 6  1 2 3 4 5 6
5 6 4 2 3 1  6 4 5 3 1 2  5 6 4 2 3 1  6 4 5 3 1 2
2 3 1 5 6 4  4 5 6 1 2 3  4 5 6 1 2 3  3 1 2 6 4 5

Design 13: 

p = 4, n = 6, t = 6 (brick 17)

1 2 3 4 5 6
2 3 1 5 6 4
5 6 4 2 3 1
3 1 2 6 4 5

Design 14: 

p = 4, n = 6, t = 6 (brick 18)
1 2 3 4 5 6
5 6 4 2 3 1
6 4 5 3 1 2
2 3 1 5 6 4

2 x 4 DESIGNS

Design 15: 

p = 4, n = 16, t = 8 (bricks 27 & 28)

1 2 3 4 5 6 7 8  1 2 3 4 5 6 7 8
3 4 1 2 7 8 5 6  3 4 1 2 7 8 5 6
2 3 4 1 6 7 8 5  4 1 2 3 8 5 6 7
6 7 8 5 2 3 4 1  8 5 6 7 4 1 2 3

Design 16: 

p = 4, n = 16, t = 8 (bricks 29 & 30)

1 2 3 4 5 6 7 8  1 2 3 4 5 6 7 8
3 4 1 2 7 8 5 6  3 4 1 2 7 8 5 6
2 3 4 1 6 7 8 5  4 1 2 3 8 5 6 7
7 8 5 6 3 4 1 2  7 8 5 6 3 4 1 2

Design 17: 

p = 4, n = 16, t = 8 (bricks 31 & 32)

1 2 3 4 5 6 7 8  1 2 3 4 5 6 7 8
3 4 1 2 7 8 5 6  3 4 1 2 7 8 5 6
6 7 8 5 2 3 4 1  8 5 6 7 4 1 2 3
2 3 4 1 6 7 8 5  4 1 2 3 8 5 6 7

Design 18: 

p = 4, n = 16, t = 8 (bricks 33 & 34)

1 2 3 4 5 6 7 8  1 2 3 4 5 6 7 8
3 4 1 2 7 8 5 6  3 4 1 2 7 8 5 6
6 7 8 5 2 3 4 1  8 5 6 7 4 1 2 3
7 8 5 6 3 4 1 2  7 8 5 6 3 4 1 2

3 x 3 DESIGNS

Design 19: 

p = 3, n = 36, t = 9 (bricks 39 & 40)

1 2 3 4 5 6 7 8 9  1 2 3 4 5 6 7 8 9
4 5 6 7 8 9 1 2 3  7 8 9 1 2 3 4 5 6
8 9 7 2 3 1 5 6 4  5 6 4 8 9 7 2 3 1
1 2 3 4 5 6 7 8 9  1 2 3 4 5 6 7 8 9
4 5 6 7 8 9 1 2 3  7 8 9 1 2 3 4 5 6
9 7 8 3 1 2 6 4 5  6 4 5 9 7 8 3 1 2

Design 20: 

p = 4, n = 36, t = 9 (bricks 49, 50, 51,52)

1 2 3 4 5 6 7 8 9  1 2 3 4 5 6 7 8 9
5 6 4 8 9 7 2 3 1  6 4 5 9 7 8 3 1 2
7 8 9 1 2 3 4 5 6  7 8 9 1 2 3 4 5 6
6 4 5 9 7 8 3 1 2  5 6 4 8 9 7 2 3 1
1 2 3 4 5 6 7 8 9  1 2 3 4 5 6 7 8 9
8 9 7 2 3 1 5 6 4  9 7 8 3 1 2 6 4 5
4 5 6 7 8 9 1 2 3  4 5 6 7 8 9 1 2 3
9 7 8 3 1 2 6 4 5  8 9 7 2 3 1 5 6 4
