PATTERSON AND LUCAS PARTIALLY BALANCED INCOMPLETE BLOCK DESIGNS

File: PattersonLucas(pbib).txt

Source: Patterson, H.D. and Lucas, H.L. (1962) Change-over designs.
North Carolina Agricultural Experiment Station. Tech. Bull. No. 147.

FOUR TREATMENTS:

PL Design 153 p = 3, n = 8, t = 4

1 2  2 3  3 4  4 1
2 1  3 2  4 3  1 4
2 1  3 2  4 3  1 4

FIVE TREATMENTS:

PL Design 125 p = 2, n = 30, t = 5

1 2 3 4 5  2 3 4 5 1  4 5 1 2 3  1 2 3 4 5  2 3 4 5 1  4 5 1 2 3
2 3 4 5 1  4 5 1 2 3  1 2 3 4 5  4 5 1 2 3  1 2 3 4 5  2 3 4 5 1

PL Design 126 p = 3, n = 30, t = 5

1 2 3 4 5  2 3 4 5 1  4 5 1 2 3  1 2 3 4 5  2 3 4 5 1  4 5 1 2 3
2 3 4 5 1  4 5 1 2 3  1 2 3 4 5  4 5 1 2 3  1 2 3 4 5  2 3 4 5 1
4 5 1 2 3  1 2 3 4 5  2 3 4 5 1  2 3 4 5 1  4 5 1 2 3  1 2 3 4 5

PL Design 131 p = 3, n = 30, t = 5 (extra-period type based on PL125)

1 2 3 4 5  2 3 4 5 1  4 5 1 2 3  1 2 3 4 5  2 3 4 5 1  4 5 1 2 3
2 3 4 5 1  4 5 1 2 3  1 2 3 4 5  4 5 1 2 3  1 2 3 4 5  2 3 4 5 1
2 3 4 5 1  4 5 1 2 3  1 2 3 4 5  4 5 1 2 3  1 2 3 4 5  2 3 4 5 1

PL Design 132 p = 4, n = 30, t = 5 (extra-period type based on PL126)

1 2 3 4 5  2 3 4 5 1  4 5 1 2 3  1 2 3 4 5  2 3 4 5 1  4 5 1 2 3
2 3 4 5 1  4 5 1 2 3  1 2 3 4 5  4 5 1 2 3  1 2 3 4 5  2 3 4 5 1
4 5 1 2 3  1 2 3 4 5  2 3 4 5 1  2 3 4 5 1  4 5 1 2 3  1 2 3 4 5
4 5 1 2 3  1 2 3 4 5  2 3 4 5 1  2 3 4 5 1  4 5 1 2 3  1 2 3 4 5

PL Design 154 p = 3, n = 10, t = 5 (extra-period type)

1 2 3 4 5  3 4 5 1 2
3 4 5 1 2  1 2 3 4 5
3 4 5 1 2  1 2 3 4 5

SIX TREATMENTS;

PL Design 99 p = 2, n = 24, t = 6

1 2 3  1 2 3  1 5 6  1 5 6  2 4 6  2 4 6  3 4 5  3 4 5
2 3 1  3 1 2  5 6 1  6 1 5  4 6 2  6 2 4  4 5 3  5 3 4

PL Design 100 p = 3, n = 24, t = 6

1 2 3  1 2 3  1 5 6  1 5 6  2 4 6  2 4 6  3 4 5  3 4 5
2 3 1  3 1 2  5 6 1  6 1 5  4 6 2  6 2 4  4 5 3  5 3 4
3 1 2  2 3 1  6 1 5  5 6 1  6 2 4  4 6 2  5 3 4  4 5 3

PL Design 101 p = 4, n = 12, t = 6

1 4 2 5  2 5 3 6  3 6 1 4
4 5 1 2  5 6 2 3  6 4 3 1
2 1 5 4  3 2 6 5  1 3 4 6
5 2 4 1  6 3 5 2  4 1 6 3

PL Design 133 p = 3, n = 24, t = 6 (extra-period type based on PL99)

1 2 3  1 2 3  1 5 6  1 5 6  2 4 6  2 4 6  3 4 5  3 4 5
2 3 1  3 1 2  5 6 1  6 1 5  4 6 2  6 2 4  4 5 3  5 3 4
2 3 1  3 1 2  5 6 1  6 1 5  4 6 2  6 2 4  4 5 3  5 3 4

PL Design 134 p = 4, n = 24, t = 6 (extra-period type based on PLI00)

1 2 3  1 2 3  1 5 6  1 5 6  2 4 6  2 4 6  3 4 5  3 4 5
2 3 1  3 1 2  5 6 1  6 1 5  4 6 2  6 2 4  4 5 3  5 3 4
3 1 2  2 3 1  6 1 5  5 6 1  6 2 4  4 6 2  5 3 4  4 5 3
3 1 2  2 3 1  6 1 5  5 6 1  6 2 4  4 6 2  5 3 4  4 5 3

PL Design 135 p = 5, n = 12, t = 6 (extra-period type based on PLI01)

1 4 2 5  2 5 3 6  3 6 1 4
4 5 1 2  5 6 2 3  6 4 3 1
2 1 5 4  3 2 6 5  1 3 4 6
5 2 4 1  6 3 5 2  4 1 6 3
5 2 4 1  6 3 5 2  4 1 6 3

PL Design 155 p = 3, n = 18, t = 6 (extra-period type)

1 4  1 5  1 6  2 4  2 5  2 6  3 4  3 5  3 6
4 1  5 1  6 1  4 2  5 2  6 2  4 3  5 3  6 3
4 1  5 1  6 1  4 2  5 2  6 2  4 3  5 3  6 3

EIGHT TREATMENTS:

PL Design 102 p = 3, n = 48, t = 6

1 2 4  1 2 4  2 3 5  2 3 5  3 4 6  3 4 6  4 5 7  4 5 7  5 6 8  5 6 8  6 7 1  6 7 1  7 8 2  7 8 2  8 1 3  8 1 3
2 4 1  4 1 2  3 5 2  5 2 3  4 6 3  6 3 4  5 7 4  7 4 5  6 8 5  8 5 6  7 1 6  1 6 7  8 2 7  2 7 8  1 3 8  3 8 1 

PL Design 103 p = 3, n = 48, t = 8

1 2 4  1 2 4  2 3 5  2 3 5  3 4 6  3 4 6  4 5 7  4 5 7  5 6 8  5 6 8  6 7 1  6 7 1  7 8 2  7 8 2  8 1 3  8 1 3
2 4 1  4 1 2  3 5 2  5 2 3  4 6 3  6 3 4  5 7 4  7 4 5  6 8 5  8 5 6  7 1 6  1 6 7  8 2 7  2 7 8  1 3 8  3 8 1
4 1 2  2 4 1  5 2 3  3 5 2  6 3 4  4 6 3  7 4 5  5 7 4  8 5 6  6 8 5  1 6 7  7 1 6  2 7 8  8 2 7  3 8 1  1 3 8


PL Design 104 p = 4, n = 24, t = 8

1 5 2 6  3 7 4 8  1 5 3 7  2 6 4 8  1 5 4 8  2 6 3 7
5 6 1 2  7 8 3 4  5 7 1 3  6 8 2 4  5 8 1 4  6 7 2 3
2 1 6 5  4 3 8 7  3 1 7 5  4 2 8 6  4 1 8 5  3 2 7 6
6 2 5 1  8 4 7 3  7 3 5 1  8 4 6 2  8 4 5 1  7 3 6 2

PL Design 105 -p = 6, n = 24, t = 8

1 5 2 7 3 6  2 6 1 5 4 8  3 7 4 8 1 5  4 8 3 6 2 7
5 2 7 3 6 1  6 1 5 4 8 2  7 4 8 1 5 3  8 3 6 2 7 4 
6 1 5 2 7 3  8 2 6 1 5 4  5 3 7 4 8 1  7 4 8 3 6 2
2 7 3 6 1 5  1 5 4 8 2 6  4 8 1 5 3 7  3 6 2 7 4 8
3 6 1 5 2 7  4 8 2 6 1 5  1 5 3 7 4 8  2 7 4 8 3 6
7 3 6 1 5 2  5 4 8 2 6 1  8 1 5 3 7 4  6 2 7 4 8 3

PL Design 136 p = 3, n = 48. t = 8 (extra-period type based on PL102)

1 2 4  1 2 4  2 3 5  2 3 5  3 4 6  3 4 6  4 5 7  4 5 7  5 6 8  5 6 8  6 7 1  6 7 1  7 8 2  7 8 2  8 1 3  8 1 3
2 4 1  4 1 2  3 5 2  5 2 3  4 6 3  6 3 4  5 7 4  7 4 5  6 8 5  8 5 6  7 1 6  1 6 7  8 2 7  2 7 8  1 3 8  3 8 1
2 4 1  4 1 2  3 5 2  5 2 3  4 6 3  6 3 4  5 7 4  7 4 5  6 8 5  8 5 6  7 1 6  1 6 7  8 2 7  2 7 8  1 3 8  3 8 1

PL Design 137 p = 4, n = 48, t = 8 (extra-period type based on PL103)

1 2 4  1 2 4  2 3 5  2 3 5  3 4 6  3 4 6  4 5 1  4 5 7  5 6 8  5 6 8  6 7 1  6 7 1  7 8 2  7 8 2  8 1 3  8 1 3
2 4 1  4 1 2  3 5 2  5 2 3  4 6 3  6 3 4  5 7 4  7 4 5  6 8 5  8 5 6  7 1 6  1 6 7  8 2 7  2 7 8  1 3 8  3 8 1
4 1 2  2 4 1  5 2 3  3 5 2  6 3 4  4 6 3  7 4 5  5 7 4  8 5 6  6 8 5  1 6 7  7 1 6  2 7 8  8 2 7  3 8 1  1 3 8
4 1 2  2 4 1  5 2 3  3 5 2  6 3 4  4 6 3  7 4 5  5 7 4  8 5 6  6 8 5  1 6 7  7 1 6  2 7 8  8 2 7  3 8 1  1 3 8


PL Design 138 p = 5, n = 24, t = 8 (extra-period type based on PL104)

1 5 2 6  3 7 4 8  1 5 3 7  2 6 4 8  1 5 4 8  2 6 3 7
5 6 1 2  7 8 4 3  5 7 1 3  6 8 2 4  5 8 1 4  6 7 2 3
2 1 6 5  4 3 8 7  3 1 7 5  4 2 8 6  4 1 8 5  3 2 7 6
6 2 5 1  8 4 7 3  7 3 5 1  8 4 6 2  8 4 5 1  7 3 6 2
6 2 5 1  8 4 7 3  7 3 5 1  8 4 6 2  8 4 5 1  7 3 6 2

PL Design 156 p = 3, n = 32, t = 8 (extra-period type)

1 2 3 4 5 6 7 8  2 3 4 5 6 7 8 1  1 2 3 4 5 6 7 8  4 5 6 7 8 1 2 3
2 3 4 5 6 7 8 1  1 2 3 4 5 6 7 8  4 5 6 7 8 1 2 3  1 2 3 4 5 6 7 8
2 3 4 5 6 7 8 1  1 2 3 4 5 6 7 8  4 5 6 7 8 1 2 3  1 2 3 4 5 6 7 8

NINE TREATMENTS:

PL Design 106 p = 4, n = 36, t = 9
1 6 9 2  6 8 2 4  8 1 4 9  9 2 5 7  2 4 7 3  4 9 3 5  5 7 1 6  7 3 6 8  3 5 8 1
6 2 1 9  8 4 6 2  1 9 8 4  2 7 9 5  4 3 2 7  9 5 4 3  7 6 5 1  3 8 7 6  5 1 3 8
9 1 2 6  2 6 4 8  4 8 9 1  5 9 7 2  7 2 3 4  3 4 5 9  1 5 6 7  6 7 8 3  8 3 1 5
2 9 6 1  4 2 8 6  9 4 1 8  7 5 2 9  3 7 4 2  5 3 9 4  6 1 7 5  8 6 3 7  1 8 5 3

PL Design 107 p = 6, n = 18, t = 9 

1 4 7 2 5 8  2 5 8 3 6 9  3 6 9 1 4 7
4 7 2 5 8 1  5 8 3 6 9 2  6 9 1 4 7 3
8 1 4 7 2 5  9 2 5 8 3 6  7 3 6 9 1 4
7 2 5 8 1 4  8 3 6 9 2 5  9 1 4 7 3 6
5 8 1 4 7 2  6 9 2 5 8 3  4 7 3 6 9 1
2 5 8 1 4 7  3 6 9 2 5 8  1 4 7 3 6 9


PL Design 127 p = 2, n = 36, t = 9

1 2 3  1 2 3  4 5 6  4 5 6  7 8 9  7 8 9  1 4 7  1 4 7  2 5 8  2 5 8  3 6 9  3 6 9
2 3 1  3 1 2  5 6 4  6 4 5  8 9 7  9 7 8  4 7 1  7 1 4  5 8 2  8 2 5  6 9 3  9 3 6

PL Design 128 p = 3, n = 36, t = 9

1 2 3  1 2 3  4 5 6  4 5 6  7 8 9  7 8 9  1 4 7  1 4 7  2 5 8  2 5 8  3 6 9  3 6 9
2 3 1  3 1 2  5 6 4  6 4 5  8 9 7  9 7 8  4 7 1  7 1 4  5 8 2  8 2 5  6 9 3  9 3 6
3 1 2  2 3 1  6 4 5  5 6 4  9 7 8  8 9 7  7 1 4  4 7 1  8 2 5  5 8 2  9 3 6  6 9 3

PL Design 139 p = 3, n = 36, t = 9 (extra-period type based onPL127)

1 2 3  1 2 3  4 5 6  4 5 6  7 8 9  7 8 9  1 4 7  1 4 7  2 5 8  2 5 8  3 6 9  3 6 9
2 3 1  3 1 2  5 6 4  6 4 5  8 9 7  9 7 8  4 7 1  7 1 4  5 8 2  8 2 5  6 9 3  9 3 6
2 3 1  3 1 2  5 6 4  6 4 5  8 9 7  9 7 8  4 7 1  7 1 4  5 8 2  8 2 5  6 9 3  9 3 6


PL Design 140 p = 4, n = 36, t = 9 (extra-period type based on PL128)

1 2 3  1 2 3  4 5 6  4 5 6  7 8 9  7 8 9  1 4 7  1 4 7  2 5 8  2 5 8  3 6 9  3 6 9
2 3 1  3 1 2  5 6 4  6 4 5  8 9 7  9 7 8  4 7 1  7 1 4  5 8 2  8 2 5  6 9 3  9 3 6
3 1 2  2 3 1  6 4 5  5 6 4  9 7 8  8 9 7  7 1 4  4 7 1  8 2 5  5 8 2  9 3 6  6 9 3
3 1 2  2 3 1  6 4 5  5 6 4  9 7 8  8 9 7  7 1 4  4 7 1  8 2 5  5 8 2  9 3 6  6 9 3

PL Design 141 p = 5, n = 36, t = 9 (extra-period type based on PL106)

1 6 9 2  6 8 2 4  8 1 4 9  9 2 5 7  2 4 7 3  4 9 3 5  5 7 1 6  7 3 6 8  3 5 8 1
6 2 1 9  8 4 6 2  1 9 8 4  2 7 9 5  4 3 2 7  9 5 4 3  7 6 5 1  3 8 7 6  5 1 3 8 
9 1 2 6  2 6 4 8  4 8 9 1  5 9 7 2  7 2 3 4  3 4 5 9  1 5 6 7  6 7 8 3  8 3 1 5
2 9 6 1  4 2 8 6  9 4 1 8  7 5 2 9  3 7 4 2  5 3 9 4  6 1 7 5  8 6 3 7  1 8 5 3
2 9 6 1  4 2 8 6  9 4 1 8  7 5 2 9  3 7 4 2  5 3 9 4  6 1 7 5  8 6 3 7  1 8 5 3


