PATTERSON AND LUCAS BALANCED DESIGNS FOR p < t

File: PattersonLucas(balanced).txt

Source: Patterson, H.D. and Lucas, H.L. (1962) Change-over designs.
North Carolina Agricultural Experiment Station. Tech. Bull. No. 147.

THREE TREATMENTS:

PL Design 1: p = 2, n = 6, t = 3

1 2 3 1 2 3
2 3 1 3 1 2

FOUR TREATMENTS

PL Design 3 : p = 2, n = 12, t = 4

1 2 3 4 1 2 3 4 1 2 3 4
2 1 4 3 3 4 1 2 4 3 2 1

PL Design 4 : p = 3, n = 12, t = 4

1 2 3 4 1 2 3 4 1 2 3 4
2 1 4 3 3 4 1 2 4 3 2 1
3 4 1 2 4 3 2 1 2 1 4 3

PL Design 5 : p = 4, n = 4, t = 4 

1 2 3 4
2 4 1 3
3 1 4 3
4 3 2 1

PL Design 6 : p = 4, n = 12, t = 4

FIVE TREATMENTS

PL Design 7 : p = 2, n = 20, t = 5

12345 12345 12345 12345
23451 34512 45123 51234

PL Design 8 : p = 3, n = 20, t = 5

12345 12345 12345 12345
23451 34512 45123 51234
34512 51234 23451 45123

PL Design 9 : p = 4, n = 20, t = 5 

12345 12345 12345 12345
23451 34512 45123 51234
34512 51234 23451 45123
45123 23451 51234 34512

PL Design 10 : p = 5, n = 10, t = 5 

1 2 3 4 5 1 2 3 4 5
2 3 4 5 1 5 1 2 3 4
5 1 2 3 4 2 3 4 5 1
3 4 5 1 2 4 5 1 2 3
4 5 1 2 3 3 4 5 1 2

SIX TREATMENTS

PL Design 12 : p = 2, n = 30, t = 6

1 2 3 4 5 6  1 2 3 4 5 6  1 2 3 4 5 6  1 2 3 4 5 6  1 2 3 4 5 6
2 3 4 5 6 1  3 4 5 6 1 2  4 5 6 1 2 3  5 6 1 2 3 4  6 1 2 3 4 5

PL Design 13 : p = 5, n = 30, t = 6

1 2 3 4 5 6  1 2 3 4 5 6  1 2 3 4 5 6  1 2 3 4 5 6  1 2 3 4 5 6
2 3 4 5 6 1  3 4 5 6 1 2  4 5 6 1 2 3  5 6 1 2 3 4  6 1 2 3 4 5
3 4 5 6 1 2  4 5 6 1 2 3  5 6 1 2 3 4  3 4 5 6 1 2  2 3 4 5 6 1
6 1 2 3 4 5  6 1 2 3 4 5  3 4 5 6 1 2  6 1 2 3 4 5  5 6 1 2 3 4
4 5 6 1 2 3  5 6 1 2 3 4  2 3 4 5 6 1  2 3 4 5 6 1  4 5 6 1 2 3

PL Design 15: p = 6, n = 30, t = 6

1 2 3 4 5 6  1 2 3 4 5 6  1 2 3 4 5 6  1 2 3 4 5 6  1 2 3 4 5 6
2 3 4 5 6 1  3 4 5 6 1 2  4 5 6 1 2 3  5 6 1 2 3 4  6 1 2 3 4 5
3 4 5 6 1 2  4 5 6 1 2 3  5 6 1 2 3 4  3 4 5 6 1 2  2 3 4 5 6 1
6 1 2 3 4 5  6 1 2 3 4 5  3 4 5 6 1 2  6 1 2 3 4 5  5 6 1 2 3 4
4 5 6 1 2 3  5 6 1 2 3 4  2 3 4 5 6 1  2 3 4 5 6 1  4 5 6 1 2 3
5 6 1 2 3 4  2 3 4 5 6 1  6 1 2 3 4 5  4 5 6 1 2 3  3 4 5 6 1 2

SEVEN TREATMENTS

PL Design 16 : p = 2, n = 42, t = 7

1234567 1234567 1234567
2345671 3456712 4567123
1234567 1234567 1234567
5671234 6712345 7123456

PL Design 17 : p = 3, n = 21, t = 7

1234567 1234567 1234567
2345671 3456712 5671234
5671234 2345671 3456712

PL Design 18 : p = 3, n = 42, t = 7

1234567 1234567 1234567 1234567 1234567 1234567
2345671 3456712 4567123 5671234 6712345 7123456
3456712 5671234 7123456 2345671 4567123 6712345

PL Design 19 : p = 4, n = 14, t = 7

1234567 1234567
2345671 7123456
4567123 5671234
7123456 2345671

PL Design 20 : p = 4, n = 42, t = 7

1234567 1234567 1234567 1234567 1234567 1234567
2345671 3456712 4567123 5671234 6712345 7123456
3456712 5671234 7123456 2345671 4567123 6712345
4567123 7123456 3456712 6712345 2345671 5671234

PL Design 21 : p = 5, n = 21, t = 7

1234567 1234567 1234567
2345671 3456712 5671234
5671234 2345671 3456712
7123456 6712345 4567123
6712345 4567123 7123456

PL Design 22 : p = 5, n = 42, t = 7

1234567 1234567 1234567 1234567 1234567 1234567
2345671 3456712 4567123 5671234 6712345 7123456
3456712 5671234 7123456 2345671 4567123 6712345
4567123 7123456 3456712 6712345 2345671 5671234
5671234 2345671 6712345 3456712 7123456 4567123


PL Design 23 : p = 6, n = 42, t = 7

1234567 1234567 1234567  1234567 1234567 1234567
2345671 3456712 4567123  5671234 6712345 7123456
3456712 5671234 7123456  2345671 4567123 6712345
4567123 7123456 3456712  6712345 2345671 5671234
5671234 2345671 6712345  3456712 7123456 4567123
6712345 4567123 2345671  7123456 5671234 3456712

PL Design 65 : p = 4, n = 28, t = 7

1234567 2345671 4567123 7123456
2345671 7123456 1234567 4567123
4567123 1234567 7123456 2345671
7123456 4567123 2345671 1234567
