PATTERSON AND LUCAS EXTRA-PERIOD DESIGNS

File: PattersonLucasExtraPeriod.txt

Source: Patterson, H.D. and Lucas, H.L. (1962) Change-over designs.
North Carolina Agricultural Experiment Station. Tech. Bull. No. 147.

THREE TREATMENTS:

PL Design 30 p = 3, n = 6, t = 3 (based on PL1)

1 2 3  1 2 3
2 3 1  3 1 2
2 3 1  3 1 2

PL Design 31 p = 4, n = 6, t = 3 (based on PL2)

1 2 3  1 2 3
2 3 1  3 1 2
3 1 2  2 3 1
3 1 2  2 3 1

FOUR TREATMENTS:

PL Design 32 p = 3, n = 12, t = 4 (based on PL3)

1 2 3 4 1 2 3 4 1 2 3 4
2 1 4 3 3 4 1 2 4 3 2 1
2 1 4 3 3 4 1 2 4 3 2 1

PL Design 33 -p = 4, n = 12, t = 4 (based on PL4)

1 2 3 4 1 2 3 4 1 2 3 4
2 1 4 3 3 4 1 2 4 3 2 1
3 4 1 2 4 3 2 1 2 1 4 3
3 4 1 2 4 3 2 1 2 1 4 3

PL Design 34 p = 5, n = 4, t = 4 (based on PL5)

1 2 3 4
2 4 1 3
3 1 4 2
4 3 2 1
4 3 2 1

PL Design 35 p = 5, n = 12, t = 4 (based on PL6)

1 2 3 4 1 2 3 4 1 2 3 4
2 1 4 3 3 4 1 2 4 3 2 1
3 4 1 2 4 3 2 1 2 1 4 3
4 3 2 1 2 1 4 3 3 4 1 2
4 3 2 1 2 1 4 3 3 4 1 2

FIVE TREATMENTS:

PL Design 36 p = 3, n = 20, t = 5 (based on PL7)

1 2 3 4 5  1 2 3 4 5  1 2 3 4 5  1 2 3 4 5
2 3 4 5 1  3 4 5 1 2  4 5 1 2 3  5 1 2 3 4
2 3 4 5 1  3 4 5 1 2  4 5 1 2 3  5 1 2 3 4

PL Design 37 p = 4, n = 20, t = 5 (based on PL8)

1 2 3 4 5  1 2 3 4 5  1 2 3 4 5  1 2 3 4 5
2 3 4 5 1  3 4 5 1 2  4 5 1 2 3  5 1 2 3 4
3 4 5 1 2  5 1 2 3 4  2 3 4 5 1  4 5 1 2 3
3 4 5 1 2  5 1 2 3 4  2 3 4 5 1  4 5 1 2 3

PL Design 38 p = 5, n = 20, t = 5 (based on PL 9)

1 2 3 4 5  1 2 3 4 5  1 2 3 4 5  1 2 3 4 5
2 3 4 5 1  3 4 5 1 2  4 5 1 2 3  5 1 2 3 4
3 4 5 1 2  5 1 2 3 4  2 3 4 5 1  4 5 1 2 3
4 5 1 2 3  2 3 4 5 1  5 1 2 3 4  3 4 5 1 2
4 5 1 2 3  2 3 4 5 1  5 1 2 3 4  3 4 5 1 2

PL Design 39 p = 6, n = 10, t = 5 (based PL 10)

1 2 3 4 5 1 2 3 4 5
2 3 4 5 1 5 1 2 3 4
5 1 2 3 4 2 3 4 5 1
3 4 5 1 2 4 5 1 2 3
4 5 1 2 3 3 4 5 1 2
4 5 1 2 3 3 4 5 1 2

PL Design 40 p = 6, n = 20, t = 5 (based on PL 11)

1 2 3 4 5  1 2 3 4 5  1 2 3 4 5  1 2 3 4 5
2 3 4 5 1  3 4 5 1 2  4 5 1 2 3  5 1 2 3 4
3 4 5 1 2  5 1 2 3 4  2 3 4 5 1  4 5 1 2 3
4 5 1 2 3  2 3 4 5 1  5 1 2 3 4  3 4 5 1 2
5 1 2 3 4  4 5 1 2 3  3 4 5 1 2  2 3 4 5 1
5 1 2 3 4  4 5 1 2 3  3 4 5 1 2  2 3 4 5 1

SIX TREATMENTS:

PL Design 41 p = 3, n = 30, t = 6 (based on PL 12)

1 2 3 4 5 6 1 2 3 4 5 6 1 2 3 4 5 6 1 2 3 4 5 6 1 2 3 4 5 6
2 3 4 5 6 1 3 4 5 6 1 2 4 5 6 1 2 3 5 6 1 2 3 4 6 1 2 3 4 5
2 3 4 5 6 1 3 4 5 6 1 2 4 5 6 1 2 3 5 6 1 2 3 4 6 1 2 3 4 5


PL Design 42 p = 6, n = 30, t = 6 (based on PL 13)

1 2 3 4 5 6  1 2 3 4 5 6  1 2 3 4 5  6 1 2 3 4 5 6  1 2 3 4 5 6
2 3 4 5 6 1  3 4 5 6 1 2  4 5 6 1 2  3 5 6 1 2 3 4  6 1 2 3 4 5
3 4 5 6 1 2  4 5 6 1 2 3  5 6 1 2 3  4 3 4 5 6 1 2  2 3 4 5 6 1
6 1 2 3 4 5  6 1 2 3 4 5  3 4 5 6 1  2 6 1 2 3 4 5  5 6 1 2 3 4
4 5 6 1 2 3  5 6 1 2 3 4  2 3 4 5 6  1 2 3 4 5 6 1  4 5 6 1 2 3
4 5 6 1 2 3  5 6 1 2 3 4  2 3 4 5 6  1 2 3 4 5 6 1  4 5 6 1 2 3

SEVEN TREATMENTS:

PL Design 43 p = 3, n = 42, t = 7 (based on PL 16)

1 2 3 4 5 6 7  1 2 3 4 5 6 7  1 2 3 4 5 6 7  1 2 3 4 5 6 7  1 2 3 4 5 6 7  1 2 3 4 5 6 7
2 3 4 5 6 7 1  3 4 5 6 7 1 2  4 5 6 7 1 2 3  5 6 7 1 2 3 4  6 7 1 2 3 4 5  7 1 2 3 4 5 6
2 3 4 5 6 7 1  3 4 5 6 7 1 2  4 5 6 7 1 2 3  5 6 7 1 2 3 4  6 7 1 2 3 4 5  7 1 2 3 4 5 6

PL Design 44 p = 4, n = 21, t = 7 (based on PL 17)

1 2 3 4 5 6 7  1 2 3 4 5 6 7  1 2 3 4 5 6 7
2 3 4 5 6 7 1  3 4 5 6 7 1 2  5 6 7 1 2 3 4
5 6 7 1 2 3 4  2 3 4 5 6 7 1  3 4 5 6 7 1 2
5 6 7 1 2 3 4  2 3 4 5 6 7 1  3 4 5 6 7 1 2

PL Design 45 p = 4, n = 42, t = 7 (based on PL 18)

1 2 3 4 5 6 7  1 2 3 4 5 6 7  1 2 3 4 5 6 7  1 2 3 4 5 6 7  1 2 3 4 5 6 7  1 2 3 4 5 6 7
2 3 4 5 6 7 1  3 4 5 6 7 1 2  4 5 6 7 1 2 3  5 6 7 1 2 3 4  6 7 1 2 3 4 5  7 1 2 3 4 5 6
3 4 5 6 7 1 2  5 6 7 1 2 3 4  7 1 2 3 4 5 6  2 3 4 5 6 7 1  4 5 6 7 1 2 3  6 7 1 2 3 4 5
3 4 5 6 7 1 2  5 6 7 1 2 3 4  7 1 2 3 4 5 6  2 3 4 5 6 7 1  4 5 6 7 1 2 3  6 7 1 2 3 4 5

PL Design 46 p = 5, n = 14, t = 7 (based on PL 19)

1 2 3 4 5 6 7  1 2 3 4 5 6 7
2 3 4 5 6 7 1  7 1 2 3 4 5 6
4 5 6 7 1 2 3  5 6 7 1 2 3 4
7 1 2 3 4 5 6  2 3 4 5 6 7 1
7 1 2 3 4 5 6  2 3 4 5 6 7 1

PL Design 47 p = 5, n = 42, t = 7 (based on PL 20)

1 2 3 4 5 6 7  1 2 3 4 5 6 7  1 2 3 4 5 6 7  1 2 3 4 5 6 7  1 2 3 4 5 6 7  1 2 3 4 5 6 7
2 3 4 5 6 7 1  3 4 5 6 7 1 2  4 5 6 7 1 2 3  5 6 7 1 2 3 4  6 7 1 2 3 4 5  7 1 2 3 4 5 6
3 4 5 6 7 1 2  5 6 7 1 2 3 4  7 1 2 3 4 5 6  2 3 4 5 6 7 1  4 5 6 7 1 2 3  6 7 1 2 3 4 5
4 5 6 7 1 2 3  7 1 2 3 4 5 6  3 4 5 6 7 1 2  6 7 1 2 3 4 5  2 3 4 5 6 7 1  5 6 7 1 2 3 4
4 5 6 7 1 2 3  7 1 2 3 4 5 6  3 4 5 6 7 1 2  6 7 1 2 3 4 5  2 3 4 5 6 7 1  5 6 7 1 2 3 4

PL Design 48 p = 6, n = 21, t = 7 (based on PL 21)

1 2 3 4 5 6 7  1 2 3 4 5 6 7  1 2 3 4 5 6 7
2 3 4 5 6 7 1  3 4 5 6 7 1 2  5 6 7 1 2 3 4
5 6 7 1 2 3 4  2 3 4 5 6 7 1  3 4 5 6 7 1 2
7 1 2 3 4 5 6  6 7 1 2 3 4 5  4 5 6 7 1 2 3
6 7 1 2 3 4 5  4 5 6 7 1 2 3  7 1 2 3 4 5 6
6 7 1 2 3 4 5  4 5 6 7 1 2 3  7 1 2 3 4 5 6

PL Design 49 p = 6, n = 42, t = 7 (based on PL 22)

1 2 3 4 5 6 7  1 2 3 4 5 6 7  1 2 3 4 5 6 7  1 2 3 4 5 6 7  1 2 3 4 5 6 7  1 2 3 4 5 6 7
2 3 4 5 6 7 1  3 4 5 6 7 1 2  4 5 6 7 1 2 3  5 6 7 1 2 3 4  6 7 1 2 3 4 5  7 1 2 3 4 5 6
3 4 5 6 7 1 2  5 6 7 1 2 3 4  7 1 2 3 4 5 6  2 3 4 5 6 7 1  4 5 6 7 1 2 3  6 7 1 2 3 4 5
4 5 6 7 1 2 3  7 1 2 3 4 5 6  3 4 5 6 7 1 2  6 7 1 2 3 4 5  2 3 4 5 6 7 1  5 6 7 1 2 3 4
5 6 7 1 2 3 4  2 3 4 5 6 7 1  6 7 1 2 3 4 5  3 4 5 6 7 1 2  7 1 2 3 4 5 6  4 5 6 7 1 2 3
5 6 7 1 2 3 4  2 3 4 5 6 7 1  6 7 1 2 3 4 5  3 4 5 6 7 1 2  7 1 2 3 4 5 6  4 5 6 7 1 2 3

PL Design 86 p = 5, n = 28, t = 7 (based on PL 65)

1 2 3 4 5 6 7  2 3 4 5 6 7 1  4 5 6 7 1 2 3 7  1 2 3 4 5 6
2 3 4 5 6 7 1  7 1 2 3 4 5 6  1 2 3 4 5 6 7 4  5 6 7 1 2 3
4 5 6 7 1 2 3  1 2 3 4 5 6 7  7 1 2 3 4 5 6 2  3 4 5 6 7 1
7 1 2 3 4 5 6  4 5 6 7 1 2 3  2 3 4 5 6 7 1 1  2 3 4 5 6 7
7 1 2 3 4 5 6  4 5 6 7 1 2 3  2 3 4 5 6 7 1 1  2 3 4 5 6 7 

