PATTERSON AND LUCAS BALANCED DESIGNS FOR p < t

FIle: PattersonLucas(plessthant).txt

Source: Patterson, H.D. and Lucas, H.L. (1962) Change-over designs.
North Carolina Agricultural Experiment Station. Tech. Bull. No. 147.

THREE TREATMENTS

PL Design 1: p = 2, n = 6, t = 3

1 2 3  1 2 3
2 3 1  3 1 2

FOUR TREATMENTS

PL Design 3 : p = 2, n = 12, t = 4

1 2 3 4  1 2 3 4  1 2 3 4
2 1 4 3  3 4 1 2  4 3 2 1

PL Design 4 : p = 3, n = 12, t = 4

1 2 3 4  1 2 3 4  1 2 3 4
2 1 4 3  3 4 1 2  4 3 2 1
3 4 1 2  4 3 2 1  2 1 4 3

PL Design 5 : p = 4, n = 4, t = 4 

1 2 3 4
2 4 1 3
3 1 4 2
4 3 2 1

FIVE TREATMENTS

PL Design 7 : p = 2, n = 20, t = 5

1 2 3 4 5  1 2 3 4 5  1 2 3 4 5  1 2 3 4 5
2 3 4 5 1  3 4 5 1 2  4 5 1 2 3  5 1 2 3 4

PL Design 8 : p = 3, n = 20, t = 5

1 2 3 4 5  1 2 3 4 5  1 2 3 4 5  1 2 3 4 5
2 3 4 5 1  3 4 5 1 2  4 5 1 2 3  5 1 2 3 4
3 4 5 1 2  5 1 2 3 4  2 3 4 5 1  4 5 1 2 3

PL Design 9 : p = 4, n = 20, t = 5

1 2 3 4 5  1 2 3 4 5  1 2 3 4 5  1 2 3 4 5
2 3 4 5 1  3 4 5 1 2  4 5 1 2 3  5 1 2 3 4
3 4 5 1 2  5 1 2 3 4  2 3 4 5 1  4 5 1 2 3
4 5 1 2 3  2 3 4 5 1  5 1 2 3 4  3 4 5 1 2

PL Design 10 : p = 5, n = 10, t = 5 

1 2 3 4 5  1 2 3 4 5
2 3 4 5 1  5 1 2 3 4
5 1 2 3 4  2 3 4 5 1
3 4 5 1 2  4 5 1 2 3
4 5 1 2 3  3 4 5 1 2

SIX TREATMENTS

PL Design 12 : p = 2, n = 30, t = 6

1 2 3 4 5 6  1 2 3 4 5 6  1 2 3 4 5 6  1 2 3 4 5 6  1 2 3 4 5 6
2 3 4 5 6 1  3 4 5 6 1 2  4 5 6 1 2 3  5 6 1 2 3 4  6 1 2 3 4 5


PL Design 13 : p = 5, n = 30, t = 6

1 2 3 4 5 6  1 2 3 4 5 6  1 2 3 4 5 6  1 2 3 4 5 6  1 2 3 4 5 6
2 3 4 5 6 1  3 4 5 6 1 2  4 5 6 1 2 3  5 6 1 2 3 4  6 1 2 3 4 5
3 4 5 6 1 2  4 5 6 1 2 3  5 6 1 2 3 4  3 4 5 6 1 2  2 3 4 5 6 1
6 1 2 3 4 5  6 1 2 3 4 5  3 4 5 6 1 2  6 1 2 3 4 5  5 6 1 2 3 4
4 5 6 1 2 3  5 6 1 2 3 4  2 3 4 5 6 1  2 3 4 5 6 1  4 5 6 1 2 3

PL Design 15: p = 6, n = 30, t = 6

1 2 3 4 5 6  1 2 3 4 5 6  1 2 3 4 5 6  1 2 3 4 5 6  1 2 3 4 5 6
2 3 4 5 6 1  3 4 5 6 1 2  4 5 6 1 2 3  5 6 1 2 3 4  6 1 2 3 4 5
3 4 5 6 1 2  4 5 6 1 2 3  5 6 1 2 3 4  3 4 5 6 1 2  2 3 4 5 6 1
6 1 2 3 4 5  6 1 2 3 4 5  3 4 5 6 1 2  6 1 2 3 4 5  5 6 1 2 3 4
4 5 6 1 2 3  5 6 1 2 3 4  2 3 4 5 6 1  2 3 4 5 6 1  4 5 6 1 2 3
5 6 1 2 3 4  2 3 4 5 6 1  6 1 2 3 4 5  4 5 6 1 2 3  3 4 5 6 1 2

SEVEN TREATMENTS

PL Design 16 : p = 2, n = 42, t = 7

1 2 3 4 5 6 7  1 2 3 4 5 6 7  1 2 3 4 5 6 7  1 2 3 4 5 6 7  1 2 3 4 5 6 7  1 2 3 4 5 6 7
2 3 4 5 6 7 1  3 4 5 6 7 1 2  4 5 6 7 1 2 3  5 6 7 1 2 3 4  6 7 1 2 3 4 5  7 1 2 3 4 5 6

PL Design 17 : p = 3, n = 21, t = 7

1 2 3 4 5 6 7  1 2 3 4 5 6 7  1 2 3 4 5 6 7
2 3 4 5 6 7 1  3 4 5 6 7 1 2  5 6 7 1 2 3 4
5 6 7 1 2 3 4  2 3 4 5 6 7 1  3 4 5 6 7 1 2

PL Design 18 : p = 3, n = 42, t = 7

1 2 3 4 5 6 7  1 2 3 4 5 6 7  1 2 3 4 5 6 7  1 2 3 4 5 6 7  1 2 3 4 5 6 7  1 2 3 4 5 6 7
2 3 4 5 6 7 1  3 4 5 6 7 1 2  4 5 6 7 1 2 3  5 6 7 1 2 3 4  6 7 1 2 3 4 5  7 1 2 3 4 5 6
3 4 5 6 7 1 2  5 6 7 1 2 3 4  7 1 2 3 4 5 6  2 3 4 5 6 7 1  4 5 6 7 1 2 3  6 7 1 2 3 4 5

PL Design 19 : p = 4, n = 14, t = 7

1 2 3 4 5 6 7  1 2 3 4 5 6 7
2 3 4 5 6 7 1  7 1 2 3 4 5 6
4 5 6 7 1 2 3  5 6 7 1 2 3 4
7 1 2 3 4 5 6  2 3 4 5 6 7 1

PL Design 20 : p = 4, n = 42, t = 7

1 2 3 4 5 6 7  1 2 3 4 5 6 7  1 2 3 4 5 6 7  1 2 3 4 5 6 7  1 2 3 4 5 6 7  1 2 3 4 5 6 7
2 3 4 5 6 7 1  3 4 5 6 7 1 2  4 5 6 7 1 2 3  5 6 7 1 2 3 4  6 7 1 2 3 4 5  7 1 2 3 4 5 6
3 4 5 6 7 1 2  5 6 7 1 2 3 4  7 1 2 3 4 5 6  2 3 4 5 6 7 1  4 5 6 7 1 2 3  6 7 1 2 3 4 5
4 5 6 7 1 2 3  7 1 2 3 4 5 6  3 4 5 6 7 1 2  6 7 1 2 3 4 5  2 3 4 5 6 7 1  5 6 7 1 2 3 4


PL Design 21 : p = 5, n = 21, t = 7

1 2 3 4 5 6 7  1 2 3 4 5 6 7  1 2 3 4 5 6 7
2 3 4 5 6 7 1  3 4 5 6 7 1 2  5 6 7 1 2 3 4
5 6 7 1 2 3 4  2 3 4 5 6 7 1  3 4 5 6 7 1 2
7 1 2 3 4 5 6  6 7 1 2 3 4 5  4 5 6 7 1 2 3
6 7 1 2 3 4 5  4 5 6 7 1 2 3  7 1 2 3 4 5 6

PL Design 22 : p = 5, n = 42, t = 7

1 2 3 4 5 6 7  1 2 3 4 5 6 7  1 2 3 4 5 6 7  1 2 3 4 5 6 7  1 2 3 4 5 6 7  1 2 3 4 5 6 7
2 3 4 5 6 7 1  3 4 5 6 7 1 2  4 5 6 7 1 2 3  5 6 7 1 2 3 4  6 7 1 2 3 4 5  7 1 2 3 4 5 6
3 4 5 6 7 1 2  5 6 7 1 2 3 4  7 1 2 3 4 5 6  2 3 4 5 6 7 1  4 5 6 7 1 2 3  6 7 1 2 3 4 5
4 5 6 7 1 2 3  7 1 2 3 4 5 6  3 4 5 6 7 1 2  6 7 1 2 3 4 5  2 3 4 5 6 7 1  5 6 7 1 2 3 4
5 6 7 1 2 3 4  2 3 4 5 6 7 1  6 7 1 2 3 4 5  3 4 5 6 7 1 2  7 1 2 3 4 5 6  4 5 6 7 1 2 3


PL Design 23 : p = 6, n = 42, t = 7

1 2 3 4 5 6 7  1 2 3 4 5 6 7  1 2 3 4 5 6 7  1 2 3 4 5 6 7  1 2 3 4 5 6 7  1 2 3 4 5 6 7
2 3 4 5 6 7 1  3 4 5 6 7 1 2  4 5 6 7 1 2 3  5 6 7 1 2 3 4  6 7 1 2 3 4 5  7 1 2 3 4 5 6
3 4 5 6 7 1 2  5 6 7 1 2 3 4  7 1 2 3 4 5 6  2 3 4 5 6 7 1  4 5 6 7 1 2 3  6 7 1 2 3 4 5
4 5 6 7 1 2 3  7 1 2 3 4 5 6  3 4 5 6 7 1 2  6 7 1 2 3 4 5  2 3 4 5 6 7 1  5 6 7 1 2 3 4
5 6 7 1 2 3 4  2 3 4 5 6 7 1  6 7 1 2 3 4 5  3 4 5 6 7 1 2  7 1 2 3 4 5 6  4 5 6 7 1 2 3
6 7 1 2 3 4 5  4 5 6 7 1 2 3  2 3 4 5 6 7 1  7 1 2 3 4 5 6  5 6 7 1 2 3 4  3 4 5 6 7 1 2


PL Design 65 : p = 4, n = 28, t = 7

1 2 3 4 5 6 7  2 3 4 5 6 7 1  4 5 6 7 1 2 3  7 1 2 3 4 5 6 
2 3 4 5 6 7 1  7 1 2 3 4 5 6  1 2 3 4 5 6 7  4 5 6 7 1 2 3
4 5 6 7 1 2 3  1 2 3 4 5 6 7  7 1 2 3 4 5 6  2 3 4 5 6 7 1
7 1 2 3 4 5 6  4 5 6 7 1 2 3  2 3 4 5 6 7 1  1 2 3 4 5 6 7
