PIGEON CONTROL-BALANCED DESIGNS

File: Pigeon.txt

Source: Residual effects designs for comparing treatments
with a control. PhD dissertation, Temple University, Phildelphia,
PA, 1984.

p=3, n=9, t=3

1 1 1  2 3 4  2 3 4
2 3 4  1 1 1  4 2 3
3 4 2  4 2 3  1 1 1


p=3, n=18, t=3

1 1 1  1 1 1  2 3 4  2 3 4  2 3 4  2 3 4
2 3 4  2 3 4  1 1 1  1 1 1  4 2 3  4 2 3
3 4 2  3 4 2  4 2 3  4 2 3  1 1 1  1 1 1

p=3, n=21, t=3

1 1 1  1 1 1  2 3 4  2 3 4  2 3 4  2 3 4  2 3 4
2 3 4  2 3 4  1 1 1  1 1 1  3 4 2  4 2 3  4 2 3
3 4 2  3 4 2  4 2 3  4 2 3  1 1 1  1 1 1  3 4 2

p=3, n=27, t=3

1 1 1  1 1 1  1 1 1  2 3 4  2 3 4  2 3 4  2 3 4  2 3 4  2 3 4
2 3 4  2 3 4  2 3 4  1 1 1  1 1 1  1 1 1  4 2 3  4 2 3  4 2 3
2 3 4  2 3 4  2 3 4  4 2 3  4 2 3  4 2 3  1 1 1  1 1 1  1 1 1

p=3, n=30, t=3

1 1 1  1 1 1  1 1 1  2 3 4  2 3 4  2 3 4  2 3 4  2 3 4  2 3 4  2 3 4
2 3 4  2 3 4  2 3 4  1 1 1  1 1 1  1 1 1  3 4 2  4 2 3  4 2 3  4 2 3
2 3 4  2 3 4  2 3 4  4 2 3  4 2 3  4 2 3  1 1 1  1 1 1  1 1 1  3 4 2

p=4, n=16, t=4

1 1 1 1  2 3 4 5  2 3 4 5  2 3 4 5
3 4 5 2  1 1 1 1  3 4 5 2  3 4 5 2
5 2 3 4  5 2 3 4  1 1 1 1  5 2 3 4
4 5 2 3  4 5 2 3  4 5 2 3  1 1 1 1

p=4, n=32, t=4

1 1 1 1  1 1 1 1  2 3 4 5  2 3 4 5  2 3 4 5  2 3 4 5  2 3 4 5  2 3 4 5
3 4 5 2  3 4 5 2  1 1 1 1  1 1 1 1  3 4 5 2  3 4 5 2  3 4 5 2  3 4 5 2
5 2 3 4  5 2 3 4  5 2 3 4  5 2 3 4  1 1 1 1  1 1 1 1  5 2 3 4  5 2 3 4
4 5 2 3  4 5 2 3  4 5 2 3  4 5 2 3  4 5 2 3  4 5 2 3  1 1 1 1  1 1 1 1 

p=4, n=36, t=4

1 1 1 1  1 1 1 1  2 3 4 5  2 3 4 5  2 3 4 5  2 3 4 5  2 3 4 5  2 3 4 5  2 3 4 5
3 4 5 2  3 4 5 2  1 1 1 1  1 1 1 1  3 4 5 2  3 4 5 2  3 4 5 2  3 4 5 2  3 4 5 2
5 2 3 4  5 2 3 4  5 2 3 4  5 2 3 4  1 1 1 1  1 1 1 1  5 2 3 4  5 2 3 4  5 2 3 4
4 5 2 3  4 5 2 3  4 5 2 3  4 5 2 3  4 5 2 3  4 5 2 3  1 1 1 1  1 1 1 1  4 5 2 3

p=3, n=28, t=4

1 1 1 1  1 1 1 1  2 3 4 5  2 3 4 5  2 3 4 5  2 3 4 5  2 3 4 5 
2 3 4 5  2 3 4 5  1 1 1 1  1 1 1 1  3 4 5 2  4 5 2 3  5 2 3 4
3 4 5 2  4 5 2 3  3 4 5 2  5 2 3 4  1 1 1 1  1 1 1 1  4 5 2 3

p=3, n=38, t=4 

1 1 1 1 1 1 1 1 1 1  2 2 2  3 3 3  4 4  5 5  4 5 2  4 2 3  5 2 3  3 4 5  3 4 5  2 3 4
2 2 3 3 4 4 4 5 5 5  1 1 1  1 1 1  1 1  1 1  2 2 3  3 4 4  4 5 5  5 2 2  2 3 3  3 4 5
4 5 4 2 5 3 5 2 3 4  3 3 4  2 5 4  2 5  2 3  1 1 1  1 1 1  1 1 1  1 3 4  5 2 4  5 2 3 

p=3, n=36, t=4

1 1 1 1  1 1 1 1  1 1 1 1  2 3 4 5  2 3 4 5  2 3 4 5  2 3 4 5  2 3 4 5  2 3 4 5
2 3 4 5  2 3 4 5  2 3 4 5  1 1 1 1  1 1 1 1  1 1 1 1  3 4 5 2  4 5 2 3  5 2 3 4
3 4 5 2  4 5 2 3  5 2 3 4  3 4 5 2  4 5 2 3  5 2 3 4  1 1 1 1  1 1 1 1  1 1 1 1

p=5, n=25, t=5

1 1 1 1 1  2 3 4 5 6  3 4 5 6 2  6 2 3 4 5  4 5 6 2 3
3 4 5 6 2  1 1 1 1 1  2 3 4 5 6  3 4 5 6 2  6 2 3 4 5
6 2 3 4 5  6 2 3 4 5  1 1 1 1 1  2 3 4 5 6  3 4 5 6 2
4 5 6 2 3  4 5 6 2 3  4 5 6 2 3  1 1 1 1 1  2 3 4 5 6
5 6 2 3 4  5 6 2 3 4  5 6 2 3 4  5 6 2 3 4  1 1 1 1 1

p=5, n=50, t=5

1 1 1 1 1  1 1 1 1 1  2 3 4 5 6  2 3 4 5 6  3 4 5 6 2  3 4 5 6 2  6 2 3 4 5  6 2 3 4 5  4 5 6 2 3  4 5 6 2 3
3 4 5 6 2  3 4 5 6 2  1 1 1 1 1  1 1 1 1 1  2 3 4 5 6  2 3 4 5 6  3 4 5 6 2  3 4 5 6 2  6 2 3 4 5  6 2 3 4 5
6 2 3 4 5  6 2 3 4 5  6 2 3 4 5  6 2 3 4 5  1 1 1 1 1  1 1 1 1 1  2 3 4 5 6  2 3 4 5 6  3 4 5 6 2  3 4 5 6 2
4 5 6 2 3  4 5 6 2 3  4 5 6 2 3  4 5 6 2 3  4 5 6 2 3  4 5 6 2 3  1 1 1 1 1  1 1 1 1 1  2 3 4 5 6  2 3 4 5 6
5 6 2 3 4  5 6 2 3 4  5 6 2 3 4  5 6 2 3 4  5 6 2 3 4  5 6 2 3 4  5 6 2 3 4  5 6 2 3 4  1 1 1 1 1  1 1 1 1 1

p=4, n=40, t=5

1 1 1 1 1  1 1 1 1 1  2 3 4 5 6  2 3 4 5 6  3 4 5 6 2  4 5 6 2 3  5 6 2 3 4  6 2 3 4 5
2 3 4 5 6  2 3 4 5 6  1 1 1 1 1  1 1 1 1 1  6 2 3 4 5  5 6 2 3 4  4 5 6 2 3  3 4 5 6 2
3 4 5 6 2  4 5 6 2 3  5 6 2 3 4  6 2 3 4 5  1 1 1 1 1  1 1 1 1 1  2 3 4 5 6  2 3 4 5 6
6 2 3 4 5  5 6 2 3 4  4 5 6 2 3  3 4 5 6 2  2 3 4 5 6  2 3 4 5 6  1 1 1 1 1  1 1 1 1 1

p=3, n=20, t=5

1 1 1 1 1  2 3 4 5 6  2 3 4 5 6  6 2 3 4 5
2 3 4 5 6  1 1 1 1 1  4 5 6 2 3  5 6 2 3 4
3 4 5 6 2  6 2 3 4 5  1 1 1 1 1  3 4 5 6 2

p=3, n=30, t=5

1 1 1 1 1  1 1 1 1 1  2 3 4 5 6  2 3 4 5 6  2 3 4 5 6  2 3 4 5 6
2 3 4 5 6  2 3 4 5 6  1 1 1 1 1  1 1 1 1 1  5 6 2 3 4  6 2 3 4 5
3 4 5 6 2  4 5 6 2 3  5 6 2 3 4  6 2 3 4 5  1 1 1 1 1  1 1 1 1 1

p=3, n=40, t=5

1 1 1 1 1  1 1 1 1 1  2 3 4 5 6  2 3 4 5 6  2 3 4 5 6  2 3 4 5 6  6 2 3 4 5  6 2 3 4 5
2 3 4 5 6  2 3 4 5 6  1 1 1 1 1  1 1 1 1 1  4 5 6 2 3  4 5 6 2 3  5 6 2 3 4  5 6 2 3 4
3 4 5 6 2  3 4 5 6 2  6 2 3 4 5  6 2 3 4 5  1 1 1 1 1  1 1 1 1 1  3 4 5 6 2  3 4 5 6 2

p=3, n=50, t=5

1 1 1 1 1  1 1 1 1 1  1 1 1 1 1  2 3 4 5 6  2 3 4 5 6  2 3 4 5 6  2 3 4 5 6  2 3 4 5 6  2 3 4 5 6  6 2 3 4 5
2 3 4 5 6  2 3 4 5 6  2 3 4 5 6  1 1 1 1 1  1 1 1 1 1  1 1 1 1 1  4 5 6 2 3  5 6 2 3 4  6 2 3 4 5  5 6 2 3 4
3 4 5 6 2  3 4 5 6 2  4 5 6 2 3  6 2 3 4 5  5 6 2 3 4  6 2 3 4 5  1 1 1 1 1  1 1 1 1 1  1 1 1 1 1  3 4 5 6 2


p=6, n=36, t=6

1 1 1 1 1 1  2 3 4 5 6 7  2 3 4 5 6 7  2 3 4 5 6 7  2 3 4 5 6 7  2 3 4 5 6 7
3 4 5 6 7 2  1 1 1 1 1 1  3 4 5 6 7 2  3 4 5 6 7 2  3 4 5 6 7 2  3 4 5 6 7 2
7 2 3 4 5 6  7 2 3 4 5 6  1 1 1 1 1 1  7 2 3 4 5 6  7 2 3 4 5 6  7 2 3 4 5 6
4 5 6 7 2 3  4 5 6 7 2 3  4 5 6 7 2 3  1 1 1 1 1 1  4 5 6 7 2 3  4 5 6 7 2 3
6 7 2 3 4 5  6 7 2 3 4 5  6 7 2 3 4 5  6 7 2 3 4 5  1 1 1 1 1 1  6 7 2 3 4 5 
5 6 7 2 3 4  5 6 7 2 3 4  5 6 7 2 3 4  5 6 7 2 3 4  5 6 7 2 3 4  1 1 1 1 1 1 

p=4, n=54, t=6

2 3 6 1  2 3 7 1  2 4 5 1  2 4 7 1  2 5 6 1  3 4 5 1  3 4 6 1  3 5 7 1  4 6 7 1  5 6 7 1  2 3 4 5  6 7 1 2  3 4 5 6  7 1
3 6 1 2  3 7 1 2  4 5 1 2  4 7 1 2  5 6 1 2  4 5 1 3  4 6 1 3  5 7 1 3  6 7 1 4  6 7 1 5  3 4 5 6  7 1 2 1  2 3 4 5  6 7
1 2 3 6  1 2 3 7  1 2 4 5  1 2 4 7  1 2 5 6  1 3 4 5  1 3 4 6  1 3 5 7  1 4 6 7  1 5 6 7  5 6 7 1  2 3 4 6  7 1 2 3  4 5
6 1 2 3  7 1 2 3  5 1 2 4  7 1 2 4  6 1 2 5  5 1 3 4  6 1 3 4  7 1 3 5  7 1 4 6  7 1 5 6  1 2 3 4  5 6 7 3  4 5 6 7  1 2


