QUENOUILLE DESIGNS

File: Quenouille.txt

Source: Quenouille, M.H. (1953) The Design and Analysis of Experiments.
Griffin, London.

THREE TREATMENTS: 

p = 6, n = 18, t = 3

Design 1 

1 1 2 2 3 3  1 1 3 3 2 2  1 2 3 2 1 3
1 2 2 3 3 1  1 3 3 2 2 1  2 3 2 1 3 1
2 2 3 3 1 1  3 3 2 2 1 1  3 2 1 3 1 2
2 3 3 1 1 2  3 2 2 1 1 3  2 1 3 1 2 3
3 1 1 2 2 3  2 1 1 3 3 2  3 1 2 3 2 1
3 3 1 1 2 2  2 2 1 1 3 3  1 3 1 2 3 2

Design 2

1 1 2 3 3 2  2 2 3 1 1 3  3 3 1 2 2 1
1 2 3 3 2 1  2 3 1 1 3 2  3 1 2 2 1 3
2 3 3 2 1 1  3 1 1 3 2 2  1 2 2 1 3 3
3 3 2 1 1 2  1 1 3 2 2 3  2 2 1 3 3 1
3 2 1 1 2 3  1 3 2 2 3 1  2 1 3 3 1 2
2 1 1 2 3 3  3 2 2 3 1 1  1 3 3 1 2 2


FOUR TREATMENTS:

p = 8, n = 16, t = 4

Design 1 

1 1 2 2 3 3 4 4  1 3 2 1 4 2 4 3
1 2 2 3 3 4 4 1  3 2 1 4 2 4 3 1
2 2 3 3 4 4 1 1  2 1 4 2 4 3 1 3
2 3 3 4 4 1 1 2  1 4 2 4 3 1 3 2
3 3 4 4 1 1 2 2  4 2 4 3 1 3 2 1
3 4 4 1 1 2 2 3  2 4 3 1 3 2 1 4
4 4 1 1 2 2 3 3  4 3 1 3 2 1 4 2
4 1 1 2 2 3 3 4  3 1 3 2 1 4 2 4

Design 2

1 1 2 2 3 4 4 3  1 3 3 2 4 1 4 2
1 2 2 3 4 4 3 1  3 3 2 4 1 4 2 1
2 2 3 4 4 3 1 1  3 2 4 1 4 2 1 3
2 3 4 4 3 1 1 2  2 4 1 4 2 1 3 3
3 4 4 3 1 1 2 2  4 1 4 2 1 3 3 2
4 4 3 1 1 2 2 3  1 4 2 1 3 3 2 4
4 3 1 1 2 2 3 4  4 2 1 3 3 2 4 1
3 1 1 2 2 3 4 4  2 1 3 3 2 4 1 4

Design 3 

1 1 2 3 4 4 3 2  3 3 1 4 2 2 4 1
1 2 3 4 4 3 2 1  3 1 4 2 2 4 1 3
2 3 4 4 3 2 1 1 1 4 2 2 4 1 3 3
3 4 4 3 2 1 1 2  4 2 2 4 1 3 3 1
4 4 3 2 1 1 2 3  2 2 4 1 3 3 1 4
4 3 2 1 1 2 3 4  2 4 1 3 3 1 4 2
3 2 1 1 2 3 4 4  4 1 3 3 1 4 2 2
2 1 1 2 3 4 4 3  1 3 3 1 4 2 2 4
